Istasyon_No|Istasyon_Adi|YIL|AY|AYLIK_TOPLAM_YAGIS_mm
17186|MAN?SA|2005|1|72.4
17186|MAN?SA|2005|2|203.2
17186|MAN?SA|2005|3|83.4
17186|MAN?SA|2005|4|29.6
17186|MAN?SA|2005|5|51.2
17186|MAN?SA|2005|6|61.2
17186|MAN?SA|2005|7|12.4
17186|MAN?SA|2005|8|7.6
17186|MAN?SA|2005|9|13.8
17186|MAN?SA|2005|10|9.2
17186|MAN?SA|2005|11|139.2
17186|MAN?SA|2005|12|86.8
17186|MAN?SA|2005|13|770.0
17186|MAN?SA|2006|1|87.6
17186|MAN?SA|2006|2|118.4
17186|MAN?SA|2006|3|135.4
17186|MAN?SA|2006|4|39.6
17186|MAN?SA|2006|5|3.6
17186|MAN?SA|2006|6|31.2
17186|MAN?SA|2006|7|5.0
17186|MAN?SA|2006|8|2.4
17186|MAN?SA|2006|9|51.0
17186|MAN?SA|2006|10|86.4
17186|MAN?SA|2006|11|41.2
17186|MAN?SA|2006|12|14.4
17186|MAN?SA|2006|13|616.2
17186|MAN?SA|2007|1|37.2
17186|MAN?SA|2007|2|29.4
17186|MAN?SA|2007|3|0.6
17186|MAN?SA|2007|4|1.4
17186|MAN?SA|2007|5|5.4
17186|MAN?SA|2007|6|26.4
17186|MAN?SA|2007|7|0.0
17186|MAN?SA|2007|8|0.0
17186|MAN?SA|2007|9|0.0
17186|MAN?SA|2007|10|33.6
17186|MAN?SA|2007|11|99.8
17186|MAN?SA|2007|12|111.0
17186|MAN?SA|2007|13|344.8
17186|MAN?SA|2008|1|27.2
17186|MAN?SA|2008|2|12.2
17186|MAN?SA|2008|3|80.6
17186|MAN?SA|2008|4|40.8
17186|MAN?SA|2008|5|10.4
17186|MAN?SA|2008|6|16.0
17186|MAN?SA|2008|7|0.0
17186|MAN?SA|2008|8|0.4
17186|MAN?SA|2008|9|45.8
17186|MAN?SA|2008|10|11.6
17186|MAN?SA|2008|11|79.0
17186|MAN?SA|2008|12|83.8
17186|MAN?SA|2008|13|407.8
17186|MAN?SA|2009|1|207.4
17186|MAN?SA|2009|2|209.4
17186|MAN?SA|2009|3|136.4
17186|MAN?SA|2009|4|66.2
17186|MAN?SA|2009|5|28.8
17186|MAN?SA|2009|6|7.2
17186|MAN?SA|2009|7|0.0
17186|MAN?SA|2009|8|0.0
17186|MAN?SA|2009|9|36.4
17186|MAN?SA|2009|10|29.2
17186|MAN?SA|2009|11|119.8
17186|MAN?SA|2009|12|131.6
17186|MAN?SA|2009|13|972.4
17186|MAN?SA|2010|1|160.8
17186|MAN?SA|2010|2|251.6
17186|MAN?SA|2010|3|27.2
17186|MAN?SA|2010|4|33.0
17186|MAN?SA|2010|5|45.8
17186|MAN?SA|2010|6|85.8
17186|MAN?SA|2010|7|0.0
17186|MAN?SA|2010|8|2.8
17186|MAN?SA|2010|9|24.0
17186|MAN?SA|2010|10|269.2
17186|MAN?SA|2010|11|47.0
17186|MAN?SA|2010|12|134.4
17186|MAN?SA|2010|13|1081.6
17186|MAN?SA|2011|1|96.6
17186|MAN?SA|2011|2|95.2
17186|MAN?SA|2011|3|21.0
17186|MAN?SA|2011|4|45.2
17186|MAN?SA|2011|5|48.4
17186|MAN?SA|2011|6|45.2
17186|MAN?SA|2011|7|0.0
17186|MAN?SA|2011|8|0.0
17186|MAN?SA|2011|9|9.0
17186|MAN?SA|2011|10|109.0
17186|MAN?SA|2011|11|4.2
17186|MAN?SA|2011|12|154.6
17186|MAN?SA|2011|13|628.4
17186|MAN?SA|2012|1|92.8
17186|MAN?SA|2012|2|143.0
17186|MAN?SA|2012|3|30.8
17186|MAN?SA|2012|4|78.6
17186|MAN?SA|2012|5|79.4
17186|MAN?SA|2012|6|11.8
17186|MAN?SA|2012|7|0.0
17186|MAN?SA|2012|8|0.0
17186|MAN?SA|2012|9|0.0
17186|MAN?SA|2012|10|19.2
17186|MAN?SA|2012|11|26.6
17186|MAN?SA|2012|12|176.0
17186|MAN?SA|2012|13|658.2
17186|MAN?SA|2013|1|232.0
17186|MAN?SA|2013|2|216.8
17186|MAN?SA|2013|3|76.4
17186|MAN?SA|2013|4|63.8
17186|MAN?SA|2013|5|36.8
17186|MAN?SA|2013|6|41.8
17186|MAN?SA|2013|7|0.0
17186|MAN?SA|2013|8|33.0
17186|MAN?SA|2013|9|9.0
17186|MAN?SA|2013|10|95.2
17186|MAN?SA|2013|11|103.0
17186|MAN?SA|2013|12|15.6
17186|MAN?SA|2013|13|923.4
17186|MAN?SA|2014|1|109.6
17186|MAN?SA|2014|2|17.0
17186|MAN?SA|2014|3|99.6
17186|MAN?SA|2014|4|163.2
17186|MAN?SA|2014|5|33.4
17186|MAN?SA|2014|6|59.6
17186|MAN?SA|2014|7|8.2
17186|MAN?SA|2014|8|14.0
17186|MAN?SA|2014|9|49.2
17186|MAN?SA|2014|10|65.2
17186|MAN?SA|2014|11|11.2
17186|MAN?SA|2014|12|216.3
17186|MAN?SA|2014|13|846.5
17186|MAN?SA|2015|1|176.9
17186|MAN?SA|2015|2|93.4
17186|MAN?SA|2015|3|74.6
17186|MAN?SA|2015|4|31.2
17186|MAN?SA|2015|5|47.4
17186|MAN?SA|2015|6|53.6
17186|MAN?SA|2015|7|0.2
17186|MAN?SA|2015|8|36.2
17186|MAN?SA|2015|9|5.2
17186|MAN?SA|2015|10|94.2
17186|MAN?SA|2015|11|115.9
17186|MAN?SA|2015|12|0.0
17186|MAN?SA|2015|13|728.8
17186|MAN?SA|2016|1|218.1
17186|MAN?SA|2016|2|89.3
17186|MAN?SA|2016|3|140.2
17186|MAN?SA|2016|4|11.2
17186|MAN?SA|2016|5|78.6
17186|MAN?SA|2016|6|27.0
17186|MAN?SA|2016|7|0.0
17186|MAN?SA|2016|8|0.0
17186|MAN?SA|2016|9|6.8
17186|MAN?SA|2016|10|0.2
17186|MAN?SA|2016|11|121.7
17186|MAN?SA|2016|12|31.8
17186|MAN?SA|2016|13|724.9
17186|MAN?SA|2017|1|256.9
17186|MAN?SA|2017|2|39.9
17186|MAN?SA|2017|3|75.4
17186|MAN?SA|2017|4|16.6
17186|MAN?SA|2017|5|47.8
17186|MAN?SA|2017|6|10.4
17186|MAN?SA|2017|7|0.2
17186|MAN?SA|2017|8|2.0
17186|MAN?SA|2017|9|0.1
17186|MAN?SA|2017|10|51.2
17186|MAN?SA|2017|11|55.0
17186|MAN?SA|2017|12|92.4
17186|MAN?SA|2017|13|647.9
17186|MAN?SA|2018|1|62.8
17186|MAN?SA|2018|2|118.1
17186|MAN?SA|2018|3|84.6
17186|MAN?SA|2018|4|6.6
17186|MAN?SA|2018|5|27.3
17186|MAN?SA|2018|6|101.9
17186|MAN?SA|2018|7|10.9
17186|MAN?SA|2018|8|20.1
17186|MAN?SA|2018|9|9.1
17186|MAN?SA|2018|10|71.9
17186|MAN?SA|2018|11|82.4
17186|MAN?SA|2018|12|97.8
17186|MAN?SA|2018|13|693.5
17186|MAN?SA|2019|1|400.6
17186|MAN?SA|2019|2|112.9
17186|MAN?SA|2019|3|40.6
17186|MAN?SA|2019|4|53.9
17186|MAN?SA|2019|5|3.8
17186|MAN?SA|2019|6|29.2
17186|MAN?SA|2019|7|26.2
17186|MAN?SA|2019|8|0.1
17186|MAN?SA|2019|9|25.1
17186|MAN?SA|2019|10|20.8
17186|MAN?SA|2019|11|56.6
17186|MAN?SA|2019|12|72.6
17186|MAN?SA|2019|13|842.4
17186|MAN?SA|2020|1|62.5
17186|MAN?SA|2020|2|94.6
17186|MAN?SA|2020|3|37.8
17186|MAN?SA|2020|4|51.7
17186|MAN?SA|2020|5|72.2
17186|MAN?SA|2020|6|31.0
17186|MAN?SA|2020|7|0.1
17186|MAN?SA|2020|8|0.0
17186|MAN?SA|2020|9|0.0
17186|MAN?SA|2020|10|0.0
17186|MAN?SA|2020|11|0.0
17186|MAN?SA|2020|12|0.0
17186|MAN?SA|2020|13|349.9
17186|MAN?SA|2021|1|67.8
17186|MAN?SA|2021|2|158.5
17186|MAN?SA|2021|3|135.4
17186|MAN?SA|2021|4|43.0
17186|MAN?SA|2021|5|2.0
17186|MAN?SA|2021|6|32.1
17227|AYDIN ?ILDIR HAVAL?MANI|2010|1|106.4
17227|AYDIN ?ILDIR HAVAL?MANI|2010|2|129.2
17227|AYDIN ?ILDIR HAVAL?MANI|2010|3|15.0
17227|AYDIN ?ILDIR HAVAL?MANI|2010|4|16.8
17227|AYDIN ?ILDIR HAVAL?MANI|2010|5|40.4
17227|AYDIN ?ILDIR HAVAL?MANI|2010|6|19.0
17227|AYDIN ?ILDIR HAVAL?MANI|2010|7|0.2
17227|AYDIN ?ILDIR HAVAL?MANI|2010|8|2.0
17227|AYDIN ?ILDIR HAVAL?MANI|2010|9|13.2
17227|AYDIN ?ILDIR HAVAL?MANI|2010|10|85.0
17227|AYDIN ?ILDIR HAVAL?MANI|2010|11|36.2
17227|AYDIN ?ILDIR HAVAL?MANI|2010|12|130.6
17227|AYDIN ?ILDIR HAVAL?MANI|2010|13|594.0
17227|AYDIN ?ILDIR HAVAL?MANI|2011|1|114.6
17227|AYDIN ?ILDIR HAVAL?MANI|2011|2|62.4
17227|AYDIN ?ILDIR HAVAL?MANI|2011|3|25.6
17227|AYDIN ?ILDIR HAVAL?MANI|2011|4|34.8
17227|AYDIN ?ILDIR HAVAL?MANI|2011|5|75.6
17227|AYDIN ?ILDIR HAVAL?MANI|2011|6|21.2
17227|AYDIN ?ILDIR HAVAL?MANI|2011|7|0.0
17227|AYDIN ?ILDIR HAVAL?MANI|2011|8|3.0
17227|AYDIN ?ILDIR HAVAL?MANI|2011|9|43.0
17227|AYDIN ?ILDIR HAVAL?MANI|2011|10|52.6
17227|AYDIN ?ILDIR HAVAL?MANI|2011|11|1.4
17227|AYDIN ?ILDIR HAVAL?MANI|2011|12|72.4
17227|AYDIN ?ILDIR HAVAL?MANI|2011|13|506.6
17227|AYDIN ?ILDIR HAVAL?MANI|2012|1|132.4
17227|AYDIN ?ILDIR HAVAL?MANI|2012|2|132.0
17227|AYDIN ?ILDIR HAVAL?MANI|2012|3|33.0
17227|AYDIN ?ILDIR HAVAL?MANI|2012|4|53.0
17227|AYDIN ?ILDIR HAVAL?MANI|2012|5|42.4
17227|AYDIN ?ILDIR HAVAL?MANI|2012|6|10.4
17227|AYDIN ?ILDIR HAVAL?MANI|2012|7|0.0
17227|AYDIN ?ILDIR HAVAL?MANI|2012|8|5.0
17227|AYDIN ?ILDIR HAVAL?MANI|2012|9|0.0
17227|AYDIN ?ILDIR HAVAL?MANI|2012|10|28.8
17227|AYDIN ?ILDIR HAVAL?MANI|2012|11|32.8
17227|AYDIN ?ILDIR HAVAL?MANI|2012|12|189.8
17227|AYDIN ?ILDIR HAVAL?MANI|2012|13|659.6
17227|AYDIN ?ILDIR HAVAL?MANI|2013|1|186.8
17227|AYDIN ?ILDIR HAVAL?MANI|2013|2|156.2
17227|AYDIN ?ILDIR HAVAL?MANI|2013|3|94.6
17227|AYDIN ?ILDIR HAVAL?MANI|2013|4|67.8
17227|AYDIN ?ILDIR HAVAL?MANI|2013|5|11.6
17227|AYDIN ?ILDIR HAVAL?MANI|2013|6|2.0
17227|AYDIN ?ILDIR HAVAL?MANI|2013|7|1.6
17227|AYDIN ?ILDIR HAVAL?MANI|2013|8|2.0
17227|AYDIN ?ILDIR HAVAL?MANI|2013|9|4.2
17227|AYDIN ?ILDIR HAVAL?MANI|2013|10|70.8
17227|AYDIN ?ILDIR HAVAL?MANI|2013|11|127.0
17227|AYDIN ?ILDIR HAVAL?MANI|2013|12|15.6
17227|AYDIN ?ILDIR HAVAL?MANI|2013|13|740.2
17227|AYDIN ?ILDIR HAVAL?MANI|2014|1|66.0
17227|AYDIN ?ILDIR HAVAL?MANI|2014|2|20.8
17227|AYDIN ?ILDIR HAVAL?MANI|2014|3|67.2
17227|AYDIN ?ILDIR HAVAL?MANI|2014|4|63.4
17227|AYDIN ?ILDIR HAVAL?MANI|2014|5|9.4
17227|AYDIN ?ILDIR HAVAL?MANI|2014|6|28.0
17227|AYDIN ?ILDIR HAVAL?MANI|2014|7|0.0
17227|AYDIN ?ILDIR HAVAL?MANI|2014|8|0.0
17227|AYDIN ?ILDIR HAVAL?MANI|2014|9|20.8
17227|AYDIN ?ILDIR HAVAL?MANI|2014|10|39.0
17227|AYDIN ?ILDIR HAVAL?MANI|2014|11|110.8
17227|AYDIN ?ILDIR HAVAL?MANI|2014|12|230.4
17227|AYDIN ?ILDIR HAVAL?MANI|2014|13|655.8
17227|AYDIN ?ILDIR HAVAL?MANI|2015|1|129.8
17227|AYDIN ?ILDIR HAVAL?MANI|2015|2|129.2
17227|AYDIN ?ILDIR HAVAL?MANI|2015|3|89.2
17227|AYDIN ?ILDIR HAVAL?MANI|2015|4|23.0
17227|AYDIN ?ILDIR HAVAL?MANI|2015|5|96.4
17227|AYDIN ?ILDIR HAVAL?MANI|2015|6|21.7
17227|AYDIN ?ILDIR HAVAL?MANI|2015|7|2.4
17227|AYDIN ?ILDIR HAVAL?MANI|2015|8|0.6
17227|AYDIN ?ILDIR HAVAL?MANI|2015|9|27.6
17227|AYDIN ?ILDIR HAVAL?MANI|2015|10|75.6
17227|AYDIN ?ILDIR HAVAL?MANI|2015|11|81.9
17227|AYDIN ?ILDIR HAVAL?MANI|2015|12|0.0
17227|AYDIN ?ILDIR HAVAL?MANI|2015|13|677.4
17227|AYDIN ?ILDIR HAVAL?MANI|2016|1|143.7
17227|AYDIN ?ILDIR HAVAL?MANI|2016|2|40.8
17227|AYDIN ?ILDIR HAVAL?MANI|2016|3|126.7
17227|AYDIN ?ILDIR HAVAL?MANI|2016|4|7.6
17227|AYDIN ?ILDIR HAVAL?MANI|2016|5|23.3
17227|AYDIN ?ILDIR HAVAL?MANI|2016|6|12.0
17227|AYDIN ?ILDIR HAVAL?MANI|2016|7|0.0
17227|AYDIN ?ILDIR HAVAL?MANI|2016|8|0.2
17227|AYDIN ?ILDIR HAVAL?MANI|2016|9|5.4
17227|AYDIN ?ILDIR HAVAL?MANI|2016|10|0.4
17227|AYDIN ?ILDIR HAVAL?MANI|2016|11|37.5
17227|AYDIN ?ILDIR HAVAL?MANI|2016|12|10.8
17227|AYDIN ?ILDIR HAVAL?MANI|2016|13|408.4
17227|AYDIN ?ILDIR HAVAL?MANI|2017|1|225.0
17227|AYDIN ?ILDIR HAVAL?MANI|2017|2|19.2
17227|AYDIN ?ILDIR HAVAL?MANI|2017|3|75.4
17227|AYDIN ?ILDIR HAVAL?MANI|2017|4|45.4
17227|AYDIN ?ILDIR HAVAL?MANI|2017|5|67.1
17227|AYDIN ?ILDIR HAVAL?MANI|2017|6|9.4
17227|AYDIN ?ILDIR HAVAL?MANI|2017|7|0.4
17227|AYDIN ?ILDIR HAVAL?MANI|2017|8|11.9
17227|AYDIN ?ILDIR HAVAL?MANI|2017|9|0.0
17227|AYDIN ?ILDIR HAVAL?MANI|2017|10|52.4
17227|AYDIN ?ILDIR HAVAL?MANI|2017|11|80.5
17227|AYDIN ?ILDIR HAVAL?MANI|2017|13|586.7
17237|DEN?ZL?|2005|1|38.0
17237|DEN?ZL?|2005|2|81.2
17237|DEN?ZL?|2005|3|62.2
17237|DEN?ZL?|2005|4|20.8
17237|DEN?ZL?|2005|5|66.8
17237|DEN?ZL?|2005|6|16.2
17237|DEN?ZL?|2005|7|21.2
17237|DEN?ZL?|2005|8|0.2
17237|DEN?ZL?|2005|9|37.2
17237|DEN?ZL?|2005|10|28.0
17237|DEN?ZL?|2005|11|95.4
17237|DEN?ZL?|2005|12|67.2
17237|DEN?ZL?|2005|13|534.4
17237|DEN?ZL?|2006|1|69.2
17237|DEN?ZL?|2006|2|69.6
17237|DEN?ZL?|2006|3|115.8
17237|DEN?ZL?|2006|4|37.4
17237|DEN?ZL?|2006|5|39.4
17237|DEN?ZL?|2006|6|40.8
17237|DEN?ZL?|2006|7|19.0
17237|DEN?ZL?|2006|8|0.0
17237|DEN?ZL?|2006|9|16.4
17237|DEN?ZL?|2006|10|47.2
17237|DEN?ZL?|2006|11|31.4
17237|DEN?ZL?|2006|12|4.4
17237|DEN?ZL?|2006|13|490.6
17237|DEN?ZL?|2007|1|89.0
17237|DEN?ZL?|2007|2|73.2
17237|DEN?ZL?|2007|3|20.6
17237|DEN?ZL?|2007|4|36.2
17237|DEN?ZL?|2007|5|16.8
17237|DEN?ZL?|2007|6|13.0
17237|DEN?ZL?|2007|7|8.0
17237|DEN?ZL?|2007|8|3.6
17237|DEN?ZL?|2007|9|14.6
17237|DEN?ZL?|2007|10|52.6
17237|DEN?ZL?|2007|11|89.8
17237|DEN?ZL?|2007|12|93.4
17237|DEN?ZL?|2007|13|510.8
17237|DEN?ZL?|2008|1|17.4
17237|DEN?ZL?|2008|2|33.2
17237|DEN?ZL?|2008|3|54.8
17237|DEN?ZL?|2008|4|49.2
17237|DEN?ZL?|2008|5|0.2
17237|DEN?ZL?|2008|6|2.6
17237|DEN?ZL?|2008|7|6.0
17237|DEN?ZL?|2008|8|18.8
17237|DEN?ZL?|2008|9|18.8
17237|DEN?ZL?|2008|10|24.4
17237|DEN?ZL?|2008|11|78.2
17237|DEN?ZL?|2008|12|22.0
17237|DEN?ZL?|2008|13|325.6
17237|DEN?ZL?|2009|1|168.4
17237|DEN?ZL?|2009|2|163.6
17237|DEN?ZL?|2009|3|93.6
17237|DEN?ZL?|2009|4|56.4
17237|DEN?ZL?|2009|5|64.2
17237|DEN?ZL?|2009|6|3.0
17237|DEN?ZL?|2009|7|0.0
17237|DEN?ZL?|2009|8|0.2
17237|DEN?ZL?|2009|9|14.2
17237|DEN?ZL?|2009|10|12.0
17237|DEN?ZL?|2009|11|116.8
17237|DEN?ZL?|2009|12|91.8
17237|DEN?ZL?|2009|13|784.2
17237|DEN?ZL?|2010|1|79.0
17237|DEN?ZL?|2010|2|104.8
17237|DEN?ZL?|2010|3|32.4
17237|DEN?ZL?|2010|4|26.8
17237|DEN?ZL?|2010|5|45.4
17237|DEN?ZL?|2010|6|122.0
17237|DEN?ZL?|2010|7|13.4
17237|DEN?ZL?|2010|8|6.6
17237|DEN?ZL?|2010|9|0.0
17237|DEN?ZL?|2010|10|87.4
17237|DEN?ZL?|2010|11|13.0
17237|DEN?ZL?|2010|12|160.4
17237|DEN?ZL?|2010|13|691.2
17237|DEN?ZL?|2011|1|75.6
17237|DEN?ZL?|2011|2|63.2
17237|DEN?ZL?|2011|3|47.0
17237|DEN?ZL?|2011|4|83.2
17237|DEN?ZL?|2011|5|121.6
17237|DEN?ZL?|2011|6|14.2
17237|DEN?ZL?|2011|7|0.0
17237|DEN?ZL?|2011|8|0.4
17237|DEN?ZL?|2011|9|6.6
17237|DEN?ZL?|2011|10|93.0
17237|DEN?ZL?|2011|11|0.0
17237|DEN?ZL?|2011|12|68.0
17237|DEN?ZL?|2011|13|572.8
17237|DEN?ZL?|2012|1|73.4
17237|DEN?ZL?|2012|2|86.2
17237|DEN?ZL?|2012|3|30.0
17237|DEN?ZL?|2012|4|54.2
17237|DEN?ZL?|2012|5|55.8
17237|DEN?ZL?|2012|6|2.6
17237|DEN?ZL?|2012|7|6.2
17237|DEN?ZL?|2012|8|13.6
17237|DEN?ZL?|2012|9|0.0
17237|DEN?ZL?|2012|10|27.4
17237|DEN?ZL?|2012|11|43.4
17237|DEN?ZL?|2012|12|150.0
17237|DEN?ZL?|2012|13|542.8
17237|DEN?ZL?|2013|1|124.2
17237|DEN?ZL?|2013|2|109.6
17237|DEN?ZL?|2013|3|33.8
17237|DEN?ZL?|2013|4|57.0
17237|DEN?ZL?|2013|5|22.0
17237|DEN?ZL?|2013|6|8.8
17237|DEN?ZL?|2013|7|8.2
17237|DEN?ZL?|2013|8|2.6
17237|DEN?ZL?|2013|9|0.2
17237|DEN?ZL?|2013|10|56.8
17237|DEN?ZL?|2013|11|80.0
17237|DEN?ZL?|2013|12|21.8
17237|DEN?ZL?|2013|13|525.0
17237|DEN?ZL?|2014|1|61.2
17237|DEN?ZL?|2014|2|11.6
17237|DEN?ZL?|2014|3|40.4
17237|DEN?ZL?|2014|4|33.8
17237|DEN?ZL?|2014|5|66.8
17237|DEN?ZL?|2014|6|100.4
17237|DEN?ZL?|2014|7|2.8
17237|DEN?ZL?|2014|8|8.4
17237|DEN?ZL?|2014|9|12.6
17237|DEN?ZL?|2014|10|54.4
17237|DEN?ZL?|2014|11|27.0
17237|DEN?ZL?|2014|12|106.8
17237|DEN?ZL?|2014|13|526.2
17237|DEN?ZL?|2015|1|146.0
17237|DEN?ZL?|2015|2|80.4
17237|DEN?ZL?|2015|3|116.4
17237|DEN?ZL?|2015|4|33.0
17237|DEN?ZL?|2015|5|48.8
17237|DEN?ZL?|2015|6|56.8
17237|DEN?ZL?|2015|7|3.6
17237|DEN?ZL?|2015|8|14.0
17237|DEN?ZL?|2015|9|16.0
17237|DEN?ZL?|2015|10|24.2
17237|DEN?ZL?|2015|11|22.0
17237|DEN?ZL?|2015|12|0.0
17237|DEN?ZL?|2015|13|561.2
17237|DEN?ZL?|2016|1|77.8
17237|DEN?ZL?|2016|2|13.0
17237|DEN?ZL?|2016|3|65.8
17237|DEN?ZL?|2016|4|4.0
17237|DEN?ZL?|2016|5|57.8
17237|DEN?ZL?|2016|6|9.4
17237|DEN?ZL?|2016|7|2.8
17237|DEN?ZL?|2016|8|18.1
17237|DEN?ZL?|2016|9|36.9
17237|DEN?ZL?|2016|10|0.0
17237|DEN?ZL?|2016|11|60.4
17237|DEN?ZL?|2016|12|33.1
17237|DEN?ZL?|2016|13|379.1
17237|DEN?ZL?|2017|1|160.0
17237|DEN?ZL?|2017|2|0.3
17237|DEN?ZL?|2017|3|37.9
17237|DEN?ZL?|2017|4|56.2
17237|DEN?ZL?|2017|5|53.4
17237|DEN?ZL?|2017|6|12.5
17237|DEN?ZL?|2017|7|0.5
17237|DEN?ZL?|2017|8|22.2
17237|DEN?ZL?|2017|9|0.0
17237|DEN?ZL?|2017|10|66.7
17237|DEN?ZL?|2017|11|42.3
17237|DEN?ZL?|2017|12|39.7
17237|DEN?ZL?|2017|13|491.7
17237|DEN?ZL?|2018|1|56.7
17237|DEN?ZL?|2018|2|32.6
17237|DEN?ZL?|2018|3|66.0
17237|DEN?ZL?|2018|4|1.7
17237|DEN?ZL?|2018|5|55.6
17237|DEN?ZL?|2018|6|147.9
17237|DEN?ZL?|2018|7|11.3
17237|DEN?ZL?|2018|8|14.7
17237|DEN?ZL?|2018|9|0.5
17237|DEN?ZL?|2018|10|43.6
17237|DEN?ZL?|2018|11|65.7
17237|DEN?ZL?|2018|12|100.4
17237|DEN?ZL?|2018|13|596.7
17237|DEN?ZL?|2019|1|119.4
17237|DEN?ZL?|2019|2|28.7
17237|DEN?ZL?|2019|3|18.0
17237|DEN?ZL?|2019|4|24.2
17237|DEN?ZL?|2019|5|9.2
17237|DEN?ZL?|2019|6|33.6
17237|DEN?ZL?|2019|7|9.3
17237|DEN?ZL?|2019|8|0.6
17237|DEN?ZL?|2019|9|24.3
17237|DEN?ZL?|2019|10|11.2
17237|DEN?ZL?|2019|11|18.0
17237|DEN?ZL?|2019|12|103.2
17237|DEN?ZL?|2019|13|399.7
17237|DEN?ZL?|2020|1|29.8
17237|DEN?ZL?|2020|2|52.6
17237|DEN?ZL?|2020|3|46.0
17237|DEN?ZL?|2020|4|30.6
17237|DEN?ZL?|2020|5|68.7
17237|DEN?ZL?|2020|6|15.4
17237|DEN?ZL?|2020|7|2.9
17237|DEN?ZL?|2020|8|6.7
17237|DEN?ZL?|2020|9|35.7
17237|DEN?ZL?|2020|10|42.0
17237|DEN?ZL?|2020|11|21.9
17237|DEN?ZL?|2020|12|29.7
17237|DEN?ZL?|2020|13|382.0
17237|DEN?ZL?|2021|1|82.8
17237|DEN?ZL?|2021|2|10.7
17237|DEN?ZL?|2021|3|74.4
17237|DEN?ZL?|2021|4|9.5
17237|DEN?ZL?|2021|5|0.0
17237|DEN?ZL?|2021|6|17.9
17296|FETH?YE|2005|1|75.2
17296|FETH?YE|2005|2|121.0
17296|FETH?YE|2005|3|67.8
17296|FETH?YE|2005|4|58.2
17296|FETH?YE|2005|5|4.8
17296|FETH?YE|2005|6|1.0
17296|FETH?YE|2005|7|0.0
17296|FETH?YE|2005|8|0.0
17296|FETH?YE|2005|9|0.2
17296|FETH?YE|2005|10|59.8
17296|FETH?YE|2005|11|144.6
17296|FETH?YE|2005|12|33.2
17296|FETH?YE|2005|13|565.8
17296|FETH?YE|2006|1|69.8
17296|FETH?YE|2006|2|93.8
17296|FETH?YE|2006|3|103.0
17296|FETH?YE|2006|4|18.0
17296|FETH?YE|2006|5|0.6
17296|FETH?YE|2006|6|2.8
17296|FETH?YE|2006|7|0.0
17296|FETH?YE|2006|8|0.0
17296|FETH?YE|2006|9|77.6
17296|FETH?YE|2006|10|237.0
17296|FETH?YE|2006|11|145.4
17296|FETH?YE|2006|12|25.2
17296|FETH?YE|2006|13|773.2
17296|FETH?YE|2007|1|126.2
17296|FETH?YE|2007|2|35.6
17296|FETH?YE|2007|3|14.6
17296|FETH?YE|2007|4|48.4
17296|FETH?YE|2007|5|16.2
17296|FETH?YE|2007|6|0.2
17296|FETH?YE|2007|7|1.2
17296|FETH?YE|2007|8|0.0
17296|FETH?YE|2007|9|0.0
17296|FETH?YE|2007|10|96.4
17296|FETH?YE|2007|11|209.4
17296|FETH?YE|2007|12|272.0
17296|FETH?YE|2007|13|820.2
17296|FETH?YE|2008|1|40.8
17296|FETH?YE|2008|2|87.8
17296|FETH?YE|2008|3|38.4
17296|FETH?YE|2008|4|67.4
17296|FETH?YE|2008|5|15.0
17296|FETH?YE|2008|6|0.0
17296|FETH?YE|2008|7|0.6
17296|FETH?YE|2008|8|0.0
17296|FETH?YE|2008|9|30.6
17296|FETH?YE|2008|10|36.8
17296|FETH?YE|2008|11|170.8
17296|FETH?YE|2008|12|66.2
17296|FETH?YE|2008|13|554.4
17296|FETH?YE|2009|1|373.0
17296|FETH?YE|2009|2|189.2
17296|FETH?YE|2009|3|138.4
17296|FETH?YE|2009|4|85.2
17296|FETH?YE|2009|5|96.8
17296|FETH?YE|2009|6|0.8
17296|FETH?YE|2009|7|0.0
17296|FETH?YE|2009|8|0.0
17296|FETH?YE|2009|9|97.8
17296|FETH?YE|2009|10|43.0
17296|FETH?YE|2009|11|33.6
17296|FETH?YE|2009|12|341.6
17296|FETH?YE|2009|13|1399.4
17296|FETH?YE|2010|1|268.6
17296|FETH?YE|2010|2|162.2
17296|FETH?YE|2010|3|6.0
17296|FETH?YE|2010|4|16.6
17296|FETH?YE|2010|5|19.4
17296|FETH?YE|2010|6|7.6
17296|FETH?YE|2010|7|3.2
17296|FETH?YE|2010|8|0.0
17296|FETH?YE|2010|9|15.0
17296|FETH?YE|2010|10|162.4
17296|FETH?YE|2010|11|40.2
17296|FETH?YE|2010|12|274.8
17296|FETH?YE|2010|13|976.0
17296|FETH?YE|2011|1|213.4
17296|FETH?YE|2011|2|157.6
17296|FETH?YE|2011|3|24.6
17296|FETH?YE|2011|4|71.4
17296|FETH?YE|2011|5|67.6
17296|FETH?YE|2011|6|2.0
17296|FETH?YE|2011|7|0.0
17296|FETH?YE|2011|8|27.0
17296|FETH?YE|2011|9|74.8
17296|FETH?YE|2011|10|126.6
17296|FETH?YE|2011|11|9.8
17296|FETH?YE|2011|12|204.8
17296|FETH?YE|2011|13|979.6
17296|FETH?YE|2012|1|406.6
17296|FETH?YE|2012|2|180.0
17296|FETH?YE|2012|3|86.2
17296|FETH?YE|2012|4|74.2
17296|FETH?YE|2012|5|60.2
17296|FETH?YE|2012|6|0.2
17296|FETH?YE|2012|7|0.0
17296|FETH?YE|2012|8|0.0
17296|FETH?YE|2012|9|0.8
17296|FETH?YE|2012|10|118.0
17296|FETH?YE|2012|11|40.6
17296|FETH?YE|2012|12|368.4
17296|FETH?YE|2012|13|1335.2
17296|FETH?YE|2013|1|190.4
17296|FETH?YE|2013|2|139.2
17296|FETH?YE|2013|3|54.4
17296|FETH?YE|2013|4|72.0
17296|FETH?YE|2013|5|24.2
17296|FETH?YE|2013|6|0.0
17296|FETH?YE|2013|7|1.6
17296|FETH?YE|2013|8|0.0
17296|FETH?YE|2013|9|0.0
17296|FETH?YE|2013|10|60.4
17296|FETH?YE|2013|11|120.6
17296|FETH?YE|2013|12|119.8
17296|FETH?YE|2013|13|782.6
17296|FETH?YE|2014|1|105.6
17296|FETH?YE|2014|2|15.4
17296|FETH?YE|2014|3|96.8
17296|FETH?YE|2014|4|42.4
17296|FETH?YE|2014|5|34.6
17296|FETH?YE|2014|6|48.8
17296|FETH?YE|2014|7|0.0
17296|FETH?YE|2014|8|0.0
17296|FETH?YE|2014|9|9.2
17296|FETH?YE|2014|10|51.0
17296|FETH?YE|2014|11|152.4
17296|FETH?YE|2014|12|291.3
17296|FETH?YE|2014|13|847.5
17296|FETH?YE|2015|1|374.3
17296|FETH?YE|2015|2|187.2
17296|FETH?YE|2015|3|181.1
17296|FETH?YE|2015|4|14.2
17296|FETH?YE|2015|5|34.9
17296|FETH?YE|2015|6|16.3
17296|FETH?YE|2015|7|1.0
17296|FETH?YE|2015|8|0.0
17296|FETH?YE|2015|9|91.5
17296|FETH?YE|2015|10|118.9
17296|FETH?YE|2015|11|59.8
17296|FETH?YE|2015|12|0.0
17296|FETH?YE|2015|13|1079.2
17296|FETH?YE|2016|1|272.6
17296|FETH?YE|2016|2|70.4
17296|FETH?YE|2016|3|133.0
17296|FETH?YE|2016|4|12.8
17296|FETH?YE|2016|5|49.6
17296|FETH?YE|2016|6|2.4
17296|FETH?YE|2016|7|1.2
17296|FETH?YE|2016|8|1.4
17296|FETH?YE|2016|9|7.5
17296|FETH?YE|2016|10|0.4
17296|FETH?YE|2016|11|93.6
17296|FETH?YE|2016|12|63.2
17296|FETH?YE|2016|13|708.1
17296|FETH?YE|2017|1|263.3
17296|FETH?YE|2017|2|27.4
17296|FETH?YE|2017|3|91.4
17296|FETH?YE|2017|4|20.8
17296|FETH?YE|2017|5|42.8
17296|FETH?YE|2017|6|0.0
17296|FETH?YE|2017|7|0.0
17296|FETH?YE|2017|8|7.6
17296|FETH?YE|2017|9|0.0
17296|FETH?YE|2017|10|63.4
17296|FETH?YE|2017|11|128.8
17296|FETH?YE|2017|12|222.0
17296|FETH?YE|2017|13|867.5
17296|FETH?YE|2018|1|160.8
17296|FETH?YE|2018|2|104.6
17296|FETH?YE|2018|3|67.4
17296|FETH?YE|2018|4|6.6
17296|FETH?YE|2018|5|28.2
17296|FETH?YE|2018|6|17.0
17296|FETH?YE|2018|7|0.0
17296|FETH?YE|2018|8|0.0
17296|FETH?YE|2018|9|9.6
17296|FETH?YE|2018|10|91.1
17296|FETH?YE|2018|11|104.2
17296|FETH?YE|2018|12|135.4
17296|FETH?YE|2018|13|724.9
17296|FETH?YE|2019|1|343.1
17296|FETH?YE|2019|2|141.3
17296|FETH?YE|2019|3|91.8
17296|FETH?YE|2019|4|54.8
17296|FETH?YE|2019|5|4.2
17296|FETH?YE|2019|6|8.4
17296|FETH?YE|2019|7|1.3
17296|FETH?YE|2019|8|0.0
17296|FETH?YE|2019|9|5.4
17296|FETH?YE|2019|10|52.5
17296|FETH?YE|2019|11|145.6
17296|FETH?YE|2019|12|199.9
17296|FETH?YE|2019|13|1048.3
17296|FETH?YE|2020|1|98.5
17296|FETH?YE|2020|2|77.8
17296|FETH?YE|2020|3|24.1
17296|FETH?YE|2020|4|16.6
17296|FETH?YE|2020|5|14.9
17296|FETH?YE|2020|6|11.8
17296|FETH?YE|2020|7|0.6
17296|FETH?YE|2020|8|0.0
17296|FETH?YE|2020|9|0.2
17296|FETH?YE|2020|10|112.2
17296|FETH?YE|2020|11|50.1
17296|FETH?YE|2020|12|107.4
17296|FETH?YE|2020|13|514.2
17296|FETH?YE|2021|1|155.3
17296|FETH?YE|2021|2|19.4
17296|FETH?YE|2021|3|88.3
17296|FETH?YE|2021|4|11.8
17296|FETH?YE|2021|5|0.0
17296|FETH?YE|2021|6|0.0
17298|MARMAR?S|2005|1|314.0
17298|MARMAR?S|2005|2|280.2
17298|MARMAR?S|2005|3|116.6
17298|MARMAR?S|2005|4|40.8
17298|MARMAR?S|2005|5|6.0
17298|MARMAR?S|2005|6|0.8
17298|MARMAR?S|2005|7|0.0
17298|MARMAR?S|2005|8|7.2
17298|MARMAR?S|2005|9|5.2
17298|MARMAR?S|2005|10|89.6
17298|MARMAR?S|2005|11|266.0
17298|MARMAR?S|2005|12|194.4
17298|MARMAR?S|2005|13|1320.8
17298|MARMAR?S|2006|1|149.8
17298|MARMAR?S|2006|2|187.4
17298|MARMAR?S|2006|3|207.2
17298|MARMAR?S|2006|4|30.4
17298|MARMAR?S|2006|5|2.2
17298|MARMAR?S|2006|6|6.2
17298|MARMAR?S|2006|7|0.2
17298|MARMAR?S|2006|8|0.0
17298|MARMAR?S|2006|9|44.4
17298|MARMAR?S|2006|10|66.4
17298|MARMAR?S|2006|11|134.6
17298|MARMAR?S|2006|12|47.2
17298|MARMAR?S|2006|13|876.0
17298|MARMAR?S|2007|1|71.8
17298|MARMAR?S|2007|2|106.6
17298|MARMAR?S|2007|3|33.0
17298|MARMAR?S|2007|4|90.4
17298|MARMAR?S|2007|5|20.0
17298|MARMAR?S|2007|6|0.0
17298|MARMAR?S|2007|7|0.0
17298|MARMAR?S|2007|8|0.0
17298|MARMAR?S|2007|9|1.2
17298|MARMAR?S|2007|10|209.4
17298|MARMAR?S|2007|11|234.8
17298|MARMAR?S|2007|12|248.6
17298|MARMAR?S|2007|13|1015.8
17298|MARMAR?S|2008|1|103.2
17298|MARMAR?S|2008|2|99.6
17298|MARMAR?S|2008|3|90.4
17298|MARMAR?S|2008|4|121.2
17298|MARMAR?S|2008|5|13.4
17298|MARMAR?S|2008|6|0.0
17298|MARMAR?S|2008|7|1.6
17298|MARMAR?S|2008|8|0.0
17298|MARMAR?S|2008|9|88.0
17298|MARMAR?S|2008|10|34.4
17298|MARMAR?S|2008|11|105.4
17298|MARMAR?S|2008|12|122.2
17298|MARMAR?S|2008|13|779.4
17298|MARMAR?S|2009|1|179.6
17298|MARMAR?S|2009|2|237.8
17298|MARMAR?S|2009|3|95.2
17298|MARMAR?S|2009|4|113.2
17298|MARMAR?S|2009|5|37.2
17298|MARMAR?S|2009|6|0.0
17298|MARMAR?S|2009|7|3.0
17298|MARMAR?S|2009|8|0.0
17298|MARMAR?S|2009|9|157.8
17298|MARMAR?S|2009|10|48.4
17298|MARMAR?S|2009|11|134.2
17298|MARMAR?S|2009|12|296.2
17298|MARMAR?S|2009|13|1302.6
17298|MARMAR?S|2010|1|161.0
17298|MARMAR?S|2010|2|60.2
17298|MARMAR?S|2010|3|15.6
17298|MARMAR?S|2010|4|20.8
17298|MARMAR?S|2010|5|11.8
17298|MARMAR?S|2010|6|27.8
17298|MARMAR?S|2010|7|3.6
17298|MARMAR?S|2010|8|0.0
17298|MARMAR?S|2010|9|0.4
17298|MARMAR?S|2010|10|122.2
17298|MARMAR?S|2010|11|31.6
17298|MARMAR?S|2010|12|155.0
17298|MARMAR?S|2010|13|610.0
17298|MARMAR?S|2011|1|532.4
17298|MARMAR?S|2011|2|243.6
17298|MARMAR?S|2011|3|26.4
17298|MARMAR?S|2011|4|67.0
17298|MARMAR?S|2011|5|43.2
17298|MARMAR?S|2011|6|21.0
17298|MARMAR?S|2011|7|0.0
17298|MARMAR?S|2011|8|0.0
17298|MARMAR?S|2011|9|84.4
17298|MARMAR?S|2011|10|54.4
17298|MARMAR?S|2011|11|13.0
17298|MARMAR?S|2011|12|180.2
17298|MARMAR?S|2011|13|1265.6
17298|MARMAR?S|2012|1|348.2
17298|MARMAR?S|2012|2|278.4
17298|MARMAR?S|2012|3|77.6
17298|MARMAR?S|2012|4|74.6
17298|MARMAR?S|2012|5|58.0
17298|MARMAR?S|2012|6|0.0
17298|MARMAR?S|2012|7|0.0
17298|MARMAR?S|2012|8|8.2
17298|MARMAR?S|2012|9|0.2
17298|MARMAR?S|2012|10|34.8
17298|MARMAR?S|2012|11|42.8
17298|MARMAR?S|2012|12|636.8
17298|MARMAR?S|2012|13|1559.6
17298|MARMAR?S|2013|1|387.0
17298|MARMAR?S|2013|2|217.2
17298|MARMAR?S|2013|3|69.6
17298|MARMAR?S|2013|4|109.6
17298|MARMAR?S|2013|5|7.6
17298|MARMAR?S|2013|6|0.0
17298|MARMAR?S|2013|7|0.0
17298|MARMAR?S|2013|8|0.0
17298|MARMAR?S|2013|9|6.0
17298|MARMAR?S|2013|10|100.6
17298|MARMAR?S|2013|11|389.0
17298|MARMAR?S|2013|12|92.6
17298|MARMAR?S|2013|13|1379.2
17298|MARMAR?S|2014|1|271.2
17298|MARMAR?S|2014|2|47.4
17298|MARMAR?S|2014|3|165.2
17298|MARMAR?S|2014|4|52.0
17298|MARMAR?S|2014|5|63.4
17298|MARMAR?S|2014|6|43.0
17298|MARMAR?S|2014|7|0.6
17298|MARMAR?S|2014|8|0.0
17298|MARMAR?S|2014|9|16.0
17298|MARMAR?S|2014|10|116.6
17298|MARMAR?S|2014|11|337.2
17298|MARMAR?S|2014|12|449.5
17298|MARMAR?S|2014|13|1562.1
17298|MARMAR?S|2015|1|336.0
17298|MARMAR?S|2015|2|271.1
17298|MARMAR?S|2015|3|121.6
17298|MARMAR?S|2015|4|31.0
17298|MARMAR?S|2015|5|19.6
17298|MARMAR?S|2015|6|0.0
17298|MARMAR?S|2015|7|0.0
17298|MARMAR?S|2015|8|0.0
17298|MARMAR?S|2015|9|35.7
17298|MARMAR?S|2015|10|272.5
17298|MARMAR?S|2015|11|191.9
17298|MARMAR?S|2015|12|0.4
17298|MARMAR?S|2015|13|1279.8
17298|MARMAR?S|2016|1|351.9
17298|MARMAR?S|2016|2|55.0
17298|MARMAR?S|2016|3|191.9
17298|MARMAR?S|2016|4|20.5
17298|MARMAR?S|2016|5|97.7
17298|MARMAR?S|2016|6|0.8
17298|MARMAR?S|2016|7|0.0
17298|MARMAR?S|2016|8|0.0
17298|MARMAR?S|2016|9|11.0
17298|MARMAR?S|2016|10|0.8
17298|MARMAR?S|2016|11|95.4
17298|MARMAR?S|2016|12|66.0
17298|MARMAR?S|2016|13|891.0
17298|MARMAR?S|2017|1|294.7
17298|MARMAR?S|2017|2|16.4
17298|MARMAR?S|2017|3|353.1
17298|MARMAR?S|2017|4|40.8
17298|MARMAR?S|2017|5|4.0
17298|MARMAR?S|2017|6|0.0
17298|MARMAR?S|2017|7|0.0
17298|MARMAR?S|2017|8|0.0
17298|MARMAR?S|2017|9|0.0
17298|MARMAR?S|2017|10|122.7
17298|MARMAR?S|2017|11|153.9
17298|MARMAR?S|2017|12|111.7
17298|MARMAR?S|2017|13|1097.3
17298|MARMAR?S|2018|1|195.7
17298|MARMAR?S|2018|2|169.9
17298|MARMAR?S|2018|3|46.9
17298|MARMAR?S|2018|4|0.1
17298|MARMAR?S|2018|5|39.2
17298|MARMAR?S|2018|6|29.8
17298|MARMAR?S|2018|7|0.0
17298|MARMAR?S|2018|8|0.0
17298|MARMAR?S|2018|9|12.1
17298|MARMAR?S|2018|10|113.5
17298|MARMAR?S|2018|11|326.0
17298|MARMAR?S|2018|12|253.8
17298|MARMAR?S|2018|13|1187.0
17298|MARMAR?S|2019|1|526.2
17298|MARMAR?S|2019|2|175.2
17298|MARMAR?S|2019|3|84.5
17298|MARMAR?S|2019|4|234.9
17298|MARMAR?S|2019|5|10.1
17298|MARMAR?S|2019|6|4.7
17298|MARMAR?S|2019|7|5.9
17298|MARMAR?S|2019|8|0.0
17298|MARMAR?S|2019|9|15.0
17298|MARMAR?S|2019|10|70.8
17298|MARMAR?S|2019|11|352.3
17298|MARMAR?S|2019|12|284.4
17298|MARMAR?S|2019|13|1764.0
17298|MARMAR?S|2020|1|109.5
17298|MARMAR?S|2020|2|269.7
17298|MARMAR?S|2020|3|84.6
17298|MARMAR?S|2020|4|43.1
17298|MARMAR?S|2020|5|9.9
17298|MARMAR?S|2020|6|14.0
17298|MARMAR?S|2020|7|0.2
17298|MARMAR?S|2020|8|0.0
17298|MARMAR?S|2020|9|0.2
17298|MARMAR?S|2020|10|35.5
17298|MARMAR?S|2020|11|28.9
17298|MARMAR?S|2020|12|361.3
17298|MARMAR?S|2020|13|956.9
17298|MARMAR?S|2021|1|223.2
17298|MARMAR?S|2021|2|90.6
17298|MARMAR?S|2021|3|104.2
17298|MARMAR?S|2021|4|9.9
17298|MARMAR?S|2021|5|0.0
17298|MARMAR?S|2021|6|1.6
17824|G?NEY|2005|1|16.4
17824|G?NEY|2005|2|64.6
17824|G?NEY|2005|3|63.2
17824|G?NEY|2005|4|22.6
17824|G?NEY|2005|5|81.0
17824|G?NEY|2005|6|22.6
17824|G?NEY|2005|7|60.2
17824|G?NEY|2005|8|0.8
17824|G?NEY|2005|9|6.6
17824|G?NEY|2005|10|24.4
17824|G?NEY|2005|11|81.4
17824|G?NEY|2005|12|75.2
17824|G?NEY|2005|13|519.0
17824|G?NEY|2006|1|44.2
17824|G?NEY|2006|2|55.6
17824|G?NEY|2006|3|65.2
17824|G?NEY|2006|4|37.2
17824|G?NEY|2006|5|18.4
17824|G?NEY|2006|6|49.0
17824|G?NEY|2006|7|19.8
17824|G?NEY|2006|8|0.0
17824|G?NEY|2006|9|23.0
17824|G?NEY|2006|10|50.6
17824|G?NEY|2006|11|46.0
17824|G?NEY|2006|12|4.8
17824|G?NEY|2006|13|413.8
17824|G?NEY|2007|1|59.8
17824|G?NEY|2007|2|71.2
17824|G?NEY|2007|3|7.0
17824|G?NEY|2007|4|10.4
17824|G?NEY|2007|5|6.6
17824|G?NEY|2007|6|9.8
17824|G?NEY|2007|7|0.8
17824|G?NEY|2007|8|0.0
17824|G?NEY|2007|9|1.0
17824|G?NEY|2007|10|33.0
17824|G?NEY|2007|11|75.2
17824|G?NEY|2007|12|91.4
17824|G?NEY|2007|13|366.2
17824|G?NEY|2008|1|17.4
17824|G?NEY|2008|2|6.6
17824|G?NEY|2008|3|37.0
17824|G?NEY|2008|4|52.6
17824|G?NEY|2008|5|6.8
17824|G?NEY|2008|6|2.4
17824|G?NEY|2008|7|5.0
17824|G?NEY|2008|8|8.8
17824|G?NEY|2008|9|10.8
17824|G?NEY|2008|10|34.8
17824|G?NEY|2008|11|57.2
17824|G?NEY|2008|12|24.6
17824|G?NEY|2008|13|264.0
17824|G?NEY|2009|1|121.0
17824|G?NEY|2009|2|177.2
17824|G?NEY|2009|3|79.2
17824|G?NEY|2009|4|41.4
17824|G?NEY|2009|5|50.2
17824|G?NEY|2009|6|4.6
17824|G?NEY|2009|7|0.0
17824|G?NEY|2009|8|0.0
17824|G?NEY|2009|9|56.0
17824|G?NEY|2009|10|21.8
17824|G?NEY|2009|11|94.0
17824|G?NEY|2009|12|137.8
17824|G?NEY|2009|13|783.2
17824|G?NEY|2010|1|79.0
17824|G?NEY|2010|2|111.8
17824|G?NEY|2010|3|23.6
17824|G?NEY|2010|4|15.4
17824|G?NEY|2010|5|25.8
17824|G?NEY|2010|6|62.4
17824|G?NEY|2010|7|2.6
17824|G?NEY|2010|8|24.0
17824|G?NEY|2010|9|0.4
17824|G?NEY|2010|10|66.6
17824|G?NEY|2010|11|25.2
17824|G?NEY|2010|12|94.6
17824|G?NEY|2010|13|531.4
17824|G?NEY|2011|1|74.8
17824|G?NEY|2011|2|26.6
17824|G?NEY|2011|3|21.0
17824|G?NEY|2011|4|54.2
17824|G?NEY|2011|5|81.6
17824|G?NEY|2011|6|19.8
17824|G?NEY|2011|7|0.0
17824|G?NEY|2011|8|10.0
17824|G?NEY|2011|9|18.8
17824|G?NEY|2011|10|59.0
17824|G?NEY|2011|11|0.0
17824|G?NEY|2011|12|44.6
17824|G?NEY|2011|13|410.4
17824|G?NEY|2012|1|74.8
17824|G?NEY|2012|2|50.2
17824|G?NEY|2012|3|34.8
17824|G?NEY|2012|4|64.0
17824|G?NEY|2012|5|130.8
17824|G?NEY|2012|6|30.6
17824|G?NEY|2012|7|1.2
17824|G?NEY|2012|8|10.8
17824|G?NEY|2012|9|0.0
17824|G?NEY|2012|10|22.8
17824|G?NEY|2012|11|32.6
17824|G?NEY|2012|12|138.8
17824|G?NEY|2012|13|591.4
17824|G?NEY|2013|1|112.2
17824|G?NEY|2013|2|75.8
17824|G?NEY|2013|3|40.8
17824|G?NEY|2013|4|46.0
17824|G?NEY|2013|5|18.8
17824|G?NEY|2013|6|8.6
17824|G?NEY|2013|7|0.0
17824|G?NEY|2013|8|1.4
17824|G?NEY|2013|9|0.0
17824|G?NEY|2013|10|39.0
17824|G?NEY|2013|11|35.0
17824|G?NEY|2013|12|13.6
17824|G?NEY|2013|13|391.2
17824|G?NEY|2014|1|57.0
17824|G?NEY|2014|2|10.6
17824|G?NEY|2014|3|31.8
17824|G?NEY|2014|4|79.0
17824|G?NEY|2014|5|45.6
17824|G?NEY|2014|6|31.4
17824|G?NEY|2014|7|8.8
17824|G?NEY|2014|8|30.6
17824|G?NEY|2014|9|38.8
17824|G?NEY|2014|10|64.8
17824|G?NEY|2014|11|26.2
17824|G?NEY|2014|12|93.2
17824|G?NEY|2014|13|517.8
17824|G?NEY|2015|1|91.8
17824|G?NEY|2015|2|65.4
17824|G?NEY|2015|3|84.8
17824|G?NEY|2015|4|30.8
17824|G?NEY|2015|5|49.5
17824|G?NEY|2015|6|112.1
17824|G?NEY|2015|7|17.5
17824|G?NEY|2015|8|28.0
17824|G?NEY|2015|9|13.8
17824|G?NEY|2015|10|31.4
17824|G?NEY|2015|11|41.4
17824|G?NEY|2015|12|0.0
17824|G?NEY|2015|13|566.5
17824|G?NEY|2016|1|93.4
17824|G?NEY|2016|2|11.4
17824|G?NEY|2016|3|88.8
17824|G?NEY|2016|4|11.2
17824|G?NEY|2016|5|71.2
17824|G?NEY|2016|6|7.4
17824|G?NEY|2016|7|9.0
17824|G?NEY|2016|8|31.8
17824|G?NEY|2016|9|59.0
17824|G?NEY|2016|10|1.6
17824|G?NEY|2016|11|68.6
17824|G?NEY|2016|12|21.8
17824|G?NEY|2016|13|475.2
17824|G?NEY|2017|1|117.6
17824|G?NEY|2017|2|2.6
17824|G?NEY|2017|3|48.5
17824|G?NEY|2017|4|79.0
17824|G?NEY|2017|5|71.7
17824|G?NEY|2017|6|36.8
17824|G?NEY|2017|7|0.0
17824|G?NEY|2017|8|34.9
17824|G?NEY|2017|9|0.0
17824|G?NEY|2017|10|69.3
17824|G?NEY|2017|11|42.5
17824|G?NEY|2017|12|44.3
17824|G?NEY|2017|13|547.2
17824|G?NEY|2018|1|70.4
17824|G?NEY|2018|2|37.8
17824|G?NEY|2018|3|67.2
17824|G?NEY|2018|4|5.6
17824|G?NEY|2018|5|186.8
17824|G?NEY|2018|6|60.6
17824|G?NEY|2018|7|44.4
17824|G?NEY|2018|8|46.6
17824|G?NEY|2018|9|0.0
17824|G?NEY|2018|10|44.1
17824|G?NEY|2018|11|59.2
17824|G?NEY|2018|12|104.6
17824|G?NEY|2018|13|727.3
17824|G?NEY|2019|1|93.0
17824|G?NEY|2019|2|36.3
17824|G?NEY|2019|3|16.0
17824|G?NEY|2019|4|29.6
17824|G?NEY|2019|5|21.6
17824|G?NEY|2019|6|62.4
17824|G?NEY|2019|7|5.3
17824|G?NEY|2019|8|22.0
17824|G?NEY|2019|9|60.9
17824|G?NEY|2019|10|6.1
17824|G?NEY|2019|11|24.7
17824|G?NEY|2019|12|72.3
17824|G?NEY|2019|13|450.2
17824|G?NEY|2020|1|46.5
17824|G?NEY|2020|2|58.9
17824|G?NEY|2020|3|38.6
17824|G?NEY|2020|4|51.0
17824|G?NEY|2020|5|49.9
17824|G?NEY|2020|6|15.5
17824|G?NEY|2020|7|10.3
17824|G?NEY|2020|8|18.3
17824|G?NEY|2020|9|17.2
17824|G?NEY|2020|10|42.0
17824|G?NEY|2020|11|19.6
17824|G?NEY|2020|12|6.4
17824|G?NEY|2020|13|374.2
17824|G?NEY|2021|1|95.7
17824|G?NEY|2021|2|14.5
17824|G?NEY|2021|3|66.8
17824|G?NEY|2021|4|11.2
17824|G?NEY|2021|5|0.3
17824|G?NEY|2021|6|17.3
17860|NAZ?LL?|2005|1|37.6
17860|NAZ?LL?|2005|2|85.0
17860|NAZ?LL?|2005|3|59.0
17860|NAZ?LL?|2005|4|3.2
17860|NAZ?LL?|2005|5|49.2
17860|NAZ?LL?|2005|6|2.6
17860|NAZ?LL?|2005|7|16.0
17860|NAZ?LL?|2005|8|5.6
17860|NAZ?LL?|2005|9|0.0
17860|NAZ?LL?|2005|10|37.0
17860|NAZ?LL?|2005|11|141.8
17860|NAZ?LL?|2005|12|62.6
17860|NAZ?LL?|2005|13|499.6
17860|NAZ?LL?|2006|1|28.4
17860|NAZ?LL?|2006|2|35.2
17860|NAZ?LL?|2006|3|109.2
17860|NAZ?LL?|2006|4|29.6
17860|NAZ?LL?|2006|5|8.8
17860|NAZ?LL?|2006|6|16.4
17860|NAZ?LL?|2006|7|1.0
17860|NAZ?LL?|2006|8|0.0
17860|NAZ?LL?|2006|9|16.0
17860|NAZ?LL?|2006|10|55.8
17860|NAZ?LL?|2006|11|70.4
17860|NAZ?LL?|2006|12|4.6
17860|NAZ?LL?|2006|13|375.4
17860|NAZ?LL?|2007|1|37.0
17860|NAZ?LL?|2007|2|74.6
17860|NAZ?LL?|2007|3|15.4
17860|NAZ?LL?|2007|4|19.8
17860|NAZ?LL?|2007|5|11.6
17860|NAZ?LL?|2007|6|12.6
17860|NAZ?LL?|2007|7|0.0
17860|NAZ?LL?|2007|8|0.0
17860|NAZ?LL?|2007|9|0.0
17860|NAZ?LL?|2007|10|39.4
17860|NAZ?LL?|2007|11|94.2
17860|NAZ?LL?|2007|12|197.0
17860|NAZ?LL?|2007|13|501.6
17860|NAZ?LL?|2008|1|22.8
17860|NAZ?LL?|2008|2|15.4
17860|NAZ?LL?|2008|3|71.0
17860|NAZ?LL?|2008|4|57.2
17860|NAZ?LL?|2008|5|0.6
17860|NAZ?LL?|2008|6|5.6
17860|NAZ?LL?|2008|7|0.0
17860|NAZ?LL?|2008|8|0.6
17860|NAZ?LL?|2008|9|8.2
17860|NAZ?LL?|2008|10|31.2
17860|NAZ?LL?|2008|11|79.8
17860|NAZ?LL?|2008|12|54.8
17860|NAZ?LL?|2008|13|347.2
17860|NAZ?LL?|2009|1|229.6
17860|NAZ?LL?|2009|2|130.6
17860|NAZ?LL?|2009|3|93.8
17860|NAZ?LL?|2009|4|91.6
17860|NAZ?LL?|2009|5|14.0
17860|NAZ?LL?|2009|6|3.6
17860|NAZ?LL?|2009|7|0.0
17860|NAZ?LL?|2009|8|0.0
17860|NAZ?LL?|2009|9|37.6
17860|NAZ?LL?|2009|10|30.4
17860|NAZ?LL?|2009|11|97.0
17860|NAZ?LL?|2009|12|128.0
17860|NAZ?LL?|2009|13|856.2
17860|NAZ?LL?|2010|1|100.8
17860|NAZ?LL?|2010|2|30.0
17860|NAZ?LL?|2010|3|31.8
17860|NAZ?LL?|2010|4|46.4
17860|NAZ?LL?|2010|5|26.8
17860|NAZ?LL?|2010|6|32.4
17860|NAZ?LL?|2010|7|0.0
17860|NAZ?LL?|2010|8|0.2
17860|NAZ?LL?|2010|9|0.6
17860|NAZ?LL?|2010|10|125.8
17860|NAZ?LL?|2010|11|34.8
17860|NAZ?LL?|2010|12|98.2
17860|NAZ?LL?|2010|13|527.8
17860|NAZ?LL?|2011|1|120.8
17860|NAZ?LL?|2011|2|51.8
17860|NAZ?LL?|2011|3|18.4
17860|NAZ?LL?|2011|4|30.6
17860|NAZ?LL?|2011|5|31.6
17860|NAZ?LL?|2011|6|5.0
17860|NAZ?LL?|2011|7|0.0
17860|NAZ?LL?|2011|8|2.4
17860|NAZ?LL?|2011|9|7.2
17860|NAZ?LL?|2011|10|53.6
17860|NAZ?LL?|2011|11|1.2
17860|NAZ?LL?|2011|12|97.0
17860|NAZ?LL?|2011|13|419.6
17860|NAZ?LL?|2012|1|197.8
17860|NAZ?LL?|2012|2|104.2
17860|NAZ?LL?|2012|3|25.0
17860|NAZ?LL?|2012|4|89.4
17860|NAZ?LL?|2012|5|68.4
17860|NAZ?LL?|2012|6|1.0
17860|NAZ?LL?|2012|7|0.4
17860|NAZ?LL?|2012|8|0.6
17860|NAZ?LL?|2012|9|0.2
17860|NAZ?LL?|2012|10|8.0
17860|NAZ?LL?|2012|11|17.6
17860|NAZ?LL?|2012|12|205.6
17860|NAZ?LL?|2012|13|718.2
17860|NAZ?LL?|2013|1|155.6
17860|NAZ?LL?|2013|2|136.0
17860|NAZ?LL?|2013|3|48.0
17860|NAZ?LL?|2013|4|65.2
17860|NAZ?LL?|2013|5|12.0
17860|NAZ?LL?|2013|6|22.2
17860|NAZ?LL?|2013|7|6.2
17860|NAZ?LL?|2013|8|0.6
17860|NAZ?LL?|2013|9|18.8
17860|NAZ?LL?|2013|10|38.8
17860|NAZ?LL?|2013|11|93.6
17860|NAZ?LL?|2013|12|12.4
17860|NAZ?LL?|2013|13|609.4
17860|NAZ?LL?|2014|1|45.8
17860|NAZ?LL?|2014|2|19.0
17860|NAZ?LL?|2014|3|72.0
17860|NAZ?LL?|2014|4|42.0
17860|NAZ?LL?|2014|5|46.2
17860|NAZ?LL?|2014|6|41.0
17860|NAZ?LL?|2014|7|0.0
17860|NAZ?LL?|2014|8|0.0
17860|NAZ?LL?|2014|9|1.0
17860|NAZ?LL?|2014|10|28.8
17860|NAZ?LL?|2014|11|46.0
17860|NAZ?LL?|2014|12|198.2
17860|NAZ?LL?|2014|13|540.0
17860|NAZ?LL?|2015|1|104.2
17860|NAZ?LL?|2015|2|106.6
17860|NAZ?LL?|2015|3|83.4
17860|NAZ?LL?|2015|4|22.6
17860|NAZ?LL?|2015|5|51.9
17860|NAZ?LL?|2015|6|70.0
17860|NAZ?LL?|2015|7|3.0
17860|NAZ?LL?|2015|8|6.6
17860|NAZ?LL?|2015|9|19.2
17860|NAZ?LL?|2015|10|43.0
17860|NAZ?LL?|2015|11|71.3
17860|NAZ?LL?|2015|12|0.0
17860|NAZ?LL?|2015|13|581.8
17860|NAZ?LL?|2016|1|153.8
17860|NAZ?LL?|2016|2|26.4
17860|NAZ?LL?|2016|3|118.9
17860|NAZ?LL?|2016|4|15.3
17860|NAZ?LL?|2016|5|21.4
17860|NAZ?LL?|2016|6|0.8
17860|NAZ?LL?|2016|7|0.0
17860|NAZ?LL?|2016|8|8.8
17860|NAZ?LL?|2016|9|4.6
17860|NAZ?LL?|2016|10|0.0
17860|NAZ?LL?|2016|11|63.4
17860|NAZ?LL?|2016|12|18.0
17860|NAZ?LL?|2016|13|431.4
17860|NAZ?LL?|2017|1|197.4
17860|NAZ?LL?|2017|2|21.6
17860|NAZ?LL?|2017|3|46.2
17860|NAZ?LL?|2017|4|75.2
17860|NAZ?LL?|2017|5|64.4
17860|NAZ?LL?|2017|6|30.6
17860|NAZ?LL?|2017|7|0.0
17860|NAZ?LL?|2017|8|9.8
17860|NAZ?LL?|2017|9|0.0
17860|NAZ?LL?|2017|10|68.4
17860|NAZ?LL?|2017|11|76.0
17860|NAZ?LL?|2017|12|91.2
17860|NAZ?LL?|2017|13|680.8
17860|NAZ?LL?|2018|1|95.2
17860|NAZ?LL?|2018|2|78.4
17860|NAZ?LL?|2018|3|91.8
17860|NAZ?LL?|2018|4|2.8
17860|NAZ?LL?|2018|5|60.6
17860|NAZ?LL?|2018|6|53.2
17860|NAZ?LL?|2018|7|2.8
17860|NAZ?LL?|2018|8|54.0
17860|NAZ?LL?|2018|9|12.2
17860|NAZ?LL?|2018|10|39.6
17860|NAZ?LL?|2018|11|94.2
17860|NAZ?LL?|2018|12|137.0
17860|NAZ?LL?|2018|13|721.8
17860|NAZ?LL?|2019|1|194.4
17860|NAZ?LL?|2019|2|79.4
17860|NAZ?LL?|2019|3|8.6
17860|NAZ?LL?|2019|4|78.6
17860|NAZ?LL?|2019|5|18.6
17860|NAZ?LL?|2019|6|36.4
17860|NAZ?LL?|2019|7|22.4
17860|NAZ?LL?|2019|8|0.0
17860|NAZ?LL?|2019|9|25.0
17860|NAZ?LL?|2019|10|7.4
17860|NAZ?LL?|2019|11|44.0
17860|NAZ?LL?|2019|12|125.6
17860|NAZ?LL?|2019|13|640.4
17860|NAZ?LL?|2020|1|54.4
17860|NAZ?LL?|2020|2|86.2
17860|NAZ?LL?|2020|3|42.6
17860|NAZ?LL?|2020|4|25.4
17860|NAZ?LL?|2020|5|42.8
17860|NAZ?LL?|2020|6|10.2
17860|NAZ?LL?|2020|7|8.2
17860|NAZ?LL?|2020|8|8.2
17860|NAZ?LL?|2020|9|2.6
17860|NAZ?LL?|2020|10|23.6
17860|NAZ?LL?|2020|11|5.0
17860|NAZ?LL?|2020|12|74.4
17860|NAZ?LL?|2020|13|383.6
17860|NAZ?LL?|2021|1|113.8
17860|NAZ?LL?|2021|2|26.8
17860|NAZ?LL?|2021|3|85.0
17860|NAZ?LL?|2021|4|6.2
17860|NAZ?LL?|2021|5|0.0
17860|NAZ?LL?|2021|6|5.8
17862|D?NAR|2005|1|24.2
17862|D?NAR|2005|2|12.8
17862|D?NAR|2005|3|37.6
17862|D?NAR|2005|4|63.4
17862|D?NAR|2005|5|33.4
17862|D?NAR|2005|6|70.2
17862|D?NAR|2005|7|28.6
17862|D?NAR|2005|8|14.8
17862|D?NAR|2005|9|21.8
17862|D?NAR|2005|10|34.0
17862|D?NAR|2005|11|37.0
17862|D?NAR|2005|12|18.0
17862|D?NAR|2005|13|395.8
17862|D?NAR|2006|1|21.0
17862|D?NAR|2006|2|24.0
17862|D?NAR|2006|3|70.2
17862|D?NAR|2006|4|58.0
17862|D?NAR|2006|5|71.8
17862|D?NAR|2006|6|17.0
17862|D?NAR|2006|7|17.0
17862|D?NAR|2006|8|48.0
17862|D?NAR|2006|9|32.8
17862|D?NAR|2006|10|83.2
17862|D?NAR|2006|11|38.4
17862|D?NAR|2006|12|3.2
17862|D?NAR|2006|13|484.6
17862|D?NAR|2007|1|57.0
17862|D?NAR|2007|2|29.0
17862|D?NAR|2007|3|21.0
17862|D?NAR|2007|4|33.0
17862|D?NAR|2007|5|28.8
17862|D?NAR|2007|6|12.0
17862|D?NAR|2007|7|0.0
17862|D?NAR|2007|8|9.0
17862|D?NAR|2007|9|1.6
17862|D?NAR|2007|10|38.8
17862|D?NAR|2007|11|93.4
17862|D?NAR|2007|12|58.4
17862|D?NAR|2007|13|382.0
17862|D?NAR|2008|1|7.0
17862|D?NAR|2008|2|11.4
17862|D?NAR|2008|3|38.6
17862|D?NAR|2008|4|58.8
17862|D?NAR|2008|5|19.4
17862|D?NAR|2008|6|7.6
17862|D?NAR|2008|7|14.6
17862|D?NAR|2008|8|11.0
17862|D?NAR|2008|9|69.0
17862|D?NAR|2008|10|63.6
17862|D?NAR|2008|11|62.2
17862|D?NAR|2008|12|20.2
17862|D?NAR|2008|13|383.4
17862|D?NAR|2009|1|119.6
17862|D?NAR|2009|2|58.6
17862|D?NAR|2009|3|32.6
17862|D?NAR|2009|4|79.4
17862|D?NAR|2009|5|71.6
17862|D?NAR|2009|6|11.6
17862|D?NAR|2009|7|4.0
17862|D?NAR|2009|8|28.2
17862|D?NAR|2009|9|23.2
17862|D?NAR|2009|10|9.8
17862|D?NAR|2009|11|53.0
17862|D?NAR|2009|12|95.4
17862|D?NAR|2009|13|587.0
17862|D?NAR|2010|1|44.2
17862|D?NAR|2010|2|71.6
17862|D?NAR|2010|3|31.6
17862|D?NAR|2010|4|51.6
17862|D?NAR|2010|5|19.0
17862|D?NAR|2010|6|94.8
17862|D?NAR|2010|7|6.8
17862|D?NAR|2010|8|11.4
17862|D?NAR|2010|9|2.0
17862|D?NAR|2010|10|69.8
17862|D?NAR|2010|11|8.6
17862|D?NAR|2010|12|55.8
17862|D?NAR|2010|13|467.2
17862|D?NAR|2011|1|58.0
17862|D?NAR|2011|2|37.6
17862|D?NAR|2011|3|37.2
17862|D?NAR|2011|4|75.6
17862|D?NAR|2011|5|77.6
17862|D?NAR|2011|6|85.8
17862|D?NAR|2011|7|0.0
17862|D?NAR|2011|8|9.4
17862|D?NAR|2011|9|10.4
17862|D?NAR|2011|10|86.4
17862|D?NAR|2011|11|0.8
17862|D?NAR|2011|12|39.2
17862|D?NAR|2011|13|518.0
17862|D?NAR|2012|1|106.0
17862|D?NAR|2012|2|59.8
17862|D?NAR|2012|3|13.2
17862|D?NAR|2012|4|29.6
17862|D?NAR|2012|5|54.2
17862|D?NAR|2012|6|4.8
17862|D?NAR|2012|7|4.0
17862|D?NAR|2012|8|18.6
17862|D?NAR|2012|9|0.0
17862|D?NAR|2012|10|19.2
17862|D?NAR|2012|11|53.2
17862|D?NAR|2012|12|100.8
17862|D?NAR|2012|13|463.4
17862|D?NAR|2013|1|30.4
17862|D?NAR|2013|2|61.4
17862|D?NAR|2013|3|17.2
17862|D?NAR|2013|4|53.6
17862|D?NAR|2013|5|29.6
17862|D?NAR|2013|6|25.8
17862|D?NAR|2013|7|26.4
17862|D?NAR|2013|8|11.4
17862|D?NAR|2013|9|1.2
17862|D?NAR|2013|10|72.0
17862|D?NAR|2013|11|51.8
17862|D?NAR|2013|12|11.8
17862|D?NAR|2013|13|392.6
17862|D?NAR|2014|1|39.0
17862|D?NAR|2014|2|20.2
17862|D?NAR|2014|3|42.4
17862|D?NAR|2014|4|35.8
17862|D?NAR|2014|5|93.4
17862|D?NAR|2014|6|101.4
17862|D?NAR|2014|7|22.4
17862|D?NAR|2014|8|23.6
17862|D?NAR|2014|9|77.2
17862|D?NAR|2014|10|61.0
17862|D?NAR|2014|11|24.4
17862|D?NAR|2014|12|69.8
17862|D?NAR|2014|13|610.6
17862|D?NAR|2015|1|84.0
17862|D?NAR|2015|2|49.2
17862|D?NAR|2015|3|141.4
17862|D?NAR|2015|4|27.8
17862|D?NAR|2015|5|47.8
17862|D?NAR|2015|6|139.4
17862|D?NAR|2015|7|2.6
17862|D?NAR|2015|8|16.4
17862|D?NAR|2015|9|23.4
17862|D?NAR|2015|10|20.0
17862|D?NAR|2015|11|17.6
17862|D?NAR|2015|12|3.4
17862|D?NAR|2015|13|573.0
17862|D?NAR|2016|1|75.4
17862|D?NAR|2016|2|16.0
17862|D?NAR|2016|3|50.0
17862|D?NAR|2016|4|14.4
17862|D?NAR|2016|5|102.1
17862|D?NAR|2016|6|6.4
17862|D?NAR|2016|7|6.8
17862|D?NAR|2016|8|53.6
17862|D?NAR|2016|9|41.7
17862|D?NAR|2016|10|5.8
17862|D?NAR|2016|11|32.0
17862|D?NAR|2016|12|7.6
17862|D?NAR|2016|13|411.8
17862|D?NAR|2017|1|54.2
17862|D?NAR|2017|2|6.0
17862|D?NAR|2017|3|53.4
17862|D?NAR|2017|4|51.0
17862|D?NAR|2017|5|98.4
17862|D?NAR|2017|6|64.2
17862|D?NAR|2017|7|11.4
17862|D?NAR|2017|8|20.8
17862|D?NAR|2017|9|13.8
17862|D?NAR|2017|10|51.4
17862|D?NAR|2017|11|34.4
17862|D?NAR|2017|12|27.6
17862|D?NAR|2017|13|486.6
17862|D?NAR|2018|1|60.8
17862|D?NAR|2018|2|36.6
17862|D?NAR|2018|3|64.8
17862|D?NAR|2018|4|1.4
17862|D?NAR|2018|5|54.8
17862|D?NAR|2018|6|90.6
17862|D?NAR|2018|7|19.0
17862|D?NAR|2018|8|52.8
17862|D?NAR|2018|9|9.0
17862|D?NAR|2018|10|90.4
17862|D?NAR|2018|11|32.8
17862|D?NAR|2018|12|100.6
17862|D?NAR|2018|13|613.6
17862|D?NAR|2019|1|47.8
17862|D?NAR|2019|2|18.4
17862|D?NAR|2019|3|11.0
17862|D?NAR|2019|4|40.4
17862|D?NAR|2019|5|19.8
17862|D?NAR|2019|6|30.2
17862|D?NAR|2019|7|2.2
17862|D?NAR|2019|8|7.0
17862|D?NAR|2019|9|5.4
17862|D?NAR|2019|10|4.2
17862|D?NAR|2019|11|13.8
17862|D?NAR|2019|12|56.8
17862|D?NAR|2019|13|257.0
17862|D?NAR|2020|1|16.6
17862|D?NAR|2020|2|64.0
17862|D?NAR|2020|3|58.0
17862|D?NAR|2020|4|39.4
17862|D?NAR|2020|5|88.6
17862|D?NAR|2020|6|47.0
17862|D?NAR|2020|7|0.0
17862|D?NAR|2020|8|11.8
17862|D?NAR|2020|9|7.0
17862|D?NAR|2020|10|42.4
17862|D?NAR|2020|11|0.4
17862|D?NAR|2020|12|17.6
17862|D?NAR|2020|13|392.8
17862|D?NAR|2021|1|64.2
17862|D?NAR|2021|2|5.2
17862|D?NAR|2021|3|20.6
17862|D?NAR|2021|4|4.6
17862|D?NAR|2021|5|11.0
17862|D?NAR|2021|6|78.0
17884|M?LAS|2005|1|95.8
17884|M?LAS|2005|2|163.2
17884|M?LAS|2005|3|46.0
17884|M?LAS|2005|4|20.6
17884|M?LAS|2005|5|28.8
17884|M?LAS|2005|6|14.8
17884|M?LAS|2005|7|0.4
17884|M?LAS|2005|8|0.8
17884|M?LAS|2005|9|22.8
17884|M?LAS|2005|10|0.0
17884|M?LAS|2005|11|130.0
17884|M?LAS|2005|12|80.8
17884|M?LAS|2005|13|604.0
17884|M?LAS|2006|1|96.2
17884|M?LAS|2006|2|140.6
17884|M?LAS|2006|3|127.4
17884|M?LAS|2006|4|15.4
17884|M?LAS|2006|5|6.8
17884|M?LAS|2006|6|16.0
17884|M?LAS|2006|7|0.0
17884|M?LAS|2006|8|0.0
17884|M?LAS|2006|9|12.0
17884|M?LAS|2006|10|48.4
17884|M?LAS|2006|11|76.0
17884|M?LAS|2006|12|6.0
17884|M?LAS|2006|13|544.8
17884|M?LAS|2007|1|40.2
17884|M?LAS|2007|2|94.6
17884|M?LAS|2007|3|31.2
17884|M?LAS|2007|4|1.0
17884|M?LAS|2007|5|6.8
17884|M?LAS|2007|6|6.8
17884|M?LAS|2007|7|0.0
17884|M?LAS|2007|8|0.0
17884|M?LAS|2007|9|0.0
17884|M?LAS|2007|10|54.8
17884|M?LAS|2007|11|62.8
17884|M?LAS|2007|12|176.8
17884|M?LAS|2008|1|34.6
17884|M?LAS|2008|2|26.8
17884|M?LAS|2008|3|62.6
17884|M?LAS|2008|4|77.6
17884|M?LAS|2008|5|14.2
17884|M?LAS|2008|6|0.2
17884|M?LAS|2008|7|0.0
17884|M?LAS|2008|8|0.0
17884|M?LAS|2008|9|36.2
17884|M?LAS|2008|10|30.2
17884|M?LAS|2008|11|95.4
17884|M?LAS|2008|12|84.6
17884|M?LAS|2008|13|462.4
17884|M?LAS|2009|1|224.0
17884|M?LAS|2009|2|188.6
17884|M?LAS|2009|3|88.0
17884|M?LAS|2009|4|91.0
17884|M?LAS|2009|5|75.0
17884|M?LAS|2009|6|6.4
17884|M?LAS|2009|7|0.0
17884|M?LAS|2009|8|0.0
17884|M?LAS|2009|9|22.2
17884|M?LAS|2009|10|52.0
17884|M?LAS|2009|11|171.4
17884|M?LAS|2009|12|222.8
17884|M?LAS|2009|13|1141.4
17884|M?LAS|2010|1|210.2
17884|M?LAS|2010|2|214.4
17884|M?LAS|2010|3|16.8
17884|M?LAS|2010|4|16.8
17884|M?LAS|2010|5|36.6
17884|M?LAS|2010|6|23.0
17884|M?LAS|2010|7|1.6
17884|M?LAS|2010|8|1.4
17884|M?LAS|2010|9|10.8
17884|M?LAS|2010|10|116.4
17884|M?LAS|2010|11|61.0
17884|M?LAS|2010|12|95.8
17884|M?LAS|2010|13|804.8
17884|M?LAS|2011|1|138.8
17884|M?LAS|2011|2|143.8
17884|M?LAS|2011|3|14.4
17884|M?LAS|2011|4|92.8
17884|M?LAS|2011|5|80.8
17884|M?LAS|2011|6|9.4
17884|M?LAS|2011|7|0.0
17884|M?LAS|2011|8|0.0
17884|M?LAS|2011|9|11.4
17884|M?LAS|2011|10|185.6
17884|M?LAS|2011|11|9.6
17884|M?LAS|2011|12|98.0
17884|M?LAS|2011|13|784.6
17884|M?LAS|2012|1|241.2
17884|M?LAS|2012|2|211.0
17884|M?LAS|2012|3|30.2
17884|M?LAS|2012|4|102.2
17884|M?LAS|2012|5|53.4
17884|M?LAS|2012|6|0.0
17884|M?LAS|2012|7|0.0
17884|M?LAS|2012|8|7.8
17884|M?LAS|2012|9|0.0
17884|M?LAS|2012|10|75.2
17884|M?LAS|2012|11|33.0
17884|M?LAS|2012|12|251.8
17884|M?LAS|2012|13|1005.8
17884|M?LAS|2013|1|198.4
17884|M?LAS|2013|2|224.8
17884|M?LAS|2013|3|60.6
17884|M?LAS|2013|4|77.4
17884|M?LAS|2013|5|49.8
17884|M?LAS|2013|6|0.0
17884|M?LAS|2013|7|0.0
17884|M?LAS|2013|8|0.2
17884|M?LAS|2013|9|13.6
17884|M?LAS|2013|10|129.6
17884|M?LAS|2013|11|163.4
17884|M?LAS|2013|12|42.6
17884|M?LAS|2013|13|960.4
17884|M?LAS|2014|1|103.6
17884|M?LAS|2014|2|37.2
17884|M?LAS|2014|3|99.8
17884|M?LAS|2014|4|67.0
17884|M?LAS|2014|5|25.6
17884|M?LAS|2014|6|63.6
17884|M?LAS|2014|7|0.2
17884|M?LAS|2014|8|0.0
17884|M?LAS|2014|9|52.2
17884|M?LAS|2014|10|46.6
17884|M?LAS|2014|11|84.2
17884|M?LAS|2014|12|261.9
17884|M?LAS|2014|13|841.9
17884|M?LAS|2015|1|229.8
17884|M?LAS|2015|2|167.4
17884|M?LAS|2015|3|108.7
17884|M?LAS|2015|4|10.9
17884|M?LAS|2015|5|0.0
17884|M?LAS|2015|6|0.0
17884|M?LAS|2015|7|2.8
17884|M?LAS|2015|8|10.0
17884|M?LAS|2015|9|77.8
17884|M?LAS|2015|10|152.1
17884|M?LAS|2015|11|58.0
17884|M?LAS|2015|12|0.6
17884|M?LAS|2015|13|818.1
17884|M?LAS|2016|1|224.1
17884|M?LAS|2016|2|56.9
17884|M?LAS|2016|3|115.6
17884|M?LAS|2016|4|18.3
17884|M?LAS|2016|5|104.8
17884|M?LAS|2016|6|3.6
17884|M?LAS|2016|7|2.6
17884|M?LAS|2016|8|0.8
17884|M?LAS|2016|9|12.2
17884|M?LAS|2016|10|0.6
17884|M?LAS|2016|11|83.6
17884|M?LAS|2016|12|14.0
17884|M?LAS|2016|13|637.1
17884|M?LAS|2017|1|243.0
17884|M?LAS|2017|2|23.4
17884|M?LAS|2017|3|82.8
17884|M?LAS|2017|4|37.6
17884|M?LAS|2017|5|30.2
17884|M?LAS|2017|6|4.4
17884|M?LAS|2017|7|0.0
17884|M?LAS|2017|8|6.0
17884|M?LAS|2017|9|0.0
17884|M?LAS|2017|10|89.2
17884|M?LAS|2017|11|91.0
17884|M?LAS|2017|12|135.6
17884|M?LAS|2017|13|743.2
17884|M?LAS|2018|1|161.6
17884|M?LAS|2018|2|122.2
17884|M?LAS|2018|3|35.8
17884|M?LAS|2018|4|1.4
17884|M?LAS|2018|5|25.4
17884|M?LAS|2018|6|10.2
17884|M?LAS|2018|7|0.0
17884|M?LAS|2018|8|21.6
17884|M?LAS|2018|9|6.6
17884|M?LAS|2018|10|34.4
17884|M?LAS|2018|11|157.2
17884|M?LAS|2018|12|168.4
17884|M?LAS|2018|13|744.8
17884|M?LAS|2019|1|415.2
17884|M?LAS|2019|2|74.6
17884|M?LAS|2019|3|65.2
17884|M?LAS|2019|4|90.8
17884|M?LAS|2019|5|6.4
17884|M?LAS|2019|6|113.2
17884|M?LAS|2019|7|0.0
17884|M?LAS|2019|8|0.2
17884|M?LAS|2019|9|121.8
17884|M?LAS|2019|10|45.6
17884|M?LAS|2019|11|111.8
17884|M?LAS|2019|12|151.8
17884|M?LAS|2019|13|1196.6
17884|M?LAS|2020|1|91.8
17884|M?LAS|2020|2|83.6
17884|M?LAS|2020|3|152.6
17884|M?LAS|2020|4|40.0
17884|M?LAS|2020|5|35.8
17884|M?LAS|2020|6|24.0
17884|M?LAS|2020|7|0.0
17884|M?LAS|2020|8|0.0
17884|M?LAS|2020|9|0.0
17884|M?LAS|2020|10|92.0
17884|M?LAS|2020|11|7.0
17884|M?LAS|2020|12|50.8
17884|M?LAS|2020|13|577.6
17884|M?LAS|2021|1|141.6
17884|M?LAS|2021|2|16.4
17884|M?LAS|2021|3|19.0
17884|M?LAS|2021|4|7.4
17884|M?LAS|2021|5|0.0
17884|M?LAS|2021|6|36.0
17886|YATA?AN|2005|1|135.6
17886|YATA?AN|2005|2|166.2
17886|YATA?AN|2005|3|56.2
17886|YATA?AN|2005|4|46.8
17886|YATA?AN|2005|5|53.4
17886|YATA?AN|2005|6|5.4
17886|YATA?AN|2005|7|39.4
17886|YATA?AN|2005|8|0.0
17886|YATA?AN|2005|9|3.2
17886|YATA?AN|2005|10|62.2
17886|YATA?AN|2005|11|119.0
17886|YATA?AN|2005|12|56.2
17886|YATA?AN|2005|13|743.6
17886|YATA?AN|2006|1|90.8
17886|YATA?AN|2006|2|36.8
17886|YATA?AN|2006|3|165.4
17886|YATA?AN|2006|4|47.4
17886|YATA?AN|2006|5|13.6
17886|YATA?AN|2006|6|13.2
17886|YATA?AN|2006|7|34.6
17886|YATA?AN|2006|8|0.0
17886|YATA?AN|2006|9|16.4
17886|YATA?AN|2006|10|77.8
17886|YATA?AN|2006|11|72.8
17886|YATA?AN|2006|12|9.4
17886|YATA?AN|2006|13|578.2
17886|YATA?AN|2007|1|25.6
17886|YATA?AN|2007|2|106.4
17886|YATA?AN|2007|3|30.4
17886|YATA?AN|2007|4|28.6
17886|YATA?AN|2007|5|64.2
17886|YATA?AN|2007|6|9.6
17886|YATA?AN|2007|7|2.4
17886|YATA?AN|2007|8|0.0
17886|YATA?AN|2007|9|7.8
17886|YATA?AN|2007|10|69.6
17886|YATA?AN|2007|11|132.0
17886|YATA?AN|2007|12|162.0
17886|YATA?AN|2007|13|638.6
17886|YATA?AN|2008|1|45.0
17886|YATA?AN|2008|2|42.6
17886|YATA?AN|2008|3|46.2
17886|YATA?AN|2008|4|45.4
17886|YATA?AN|2008|5|11.6
17886|YATA?AN|2008|6|0.6
17886|YATA?AN|2008|7|0.0
17886|YATA?AN|2008|8|0.0
17886|YATA?AN|2008|9|29.2
17886|YATA?AN|2008|10|33.2
17886|YATA?AN|2008|11|78.4
17886|YATA?AN|2008|12|64.4
17886|YATA?AN|2008|13|396.6
17886|YATA?AN|2009|1|219.4
17886|YATA?AN|2009|2|179.2
17886|YATA?AN|2009|3|76.6
17886|YATA?AN|2009|4|83.6
17886|YATA?AN|2009|5|80.6
17886|YATA?AN|2009|6|1.4
17886|YATA?AN|2009|7|0.0
17886|YATA?AN|2009|8|0.2
17886|YATA?AN|2009|9|59.8
17886|YATA?AN|2009|10|27.0
17886|YATA?AN|2009|11|85.6
17886|YATA?AN|2009|12|212.6
17886|YATA?AN|2009|13|1026.0
17886|YATA?AN|2010|1|164.8
17886|YATA?AN|2010|2|185.4
17886|YATA?AN|2010|3|17.8
17886|YATA?AN|2010|4|32.2
17886|YATA?AN|2010|5|68.4
17886|YATA?AN|2010|6|39.6
17886|YATA?AN|2010|7|8.8
17886|YATA?AN|2010|8|0.0
17886|YATA?AN|2010|9|2.0
17886|YATA?AN|2010|10|83.4
17886|YATA?AN|2010|11|22.6
17886|YATA?AN|2010|12|119.0
17886|YATA?AN|2010|13|744.0
17886|YATA?AN|2011|1|118.2
17886|YATA?AN|2011|2|70.6
17886|YATA?AN|2011|3|28.2
17886|YATA?AN|2011|4|58.2
17886|YATA?AN|2011|5|34.2
17886|YATA?AN|2011|6|28.0
17886|YATA?AN|2011|7|0.0
17886|YATA?AN|2011|8|21.4
17886|YATA?AN|2011|9|9.0
17886|YATA?AN|2011|10|142.2
17886|YATA?AN|2011|11|5.8
17886|YATA?AN|2011|12|81.8
17886|YATA?AN|2011|13|597.6
17886|YATA?AN|2012|1|162.8
17886|YATA?AN|2012|2|128.8
17886|YATA?AN|2012|3|22.4
17886|YATA?AN|2012|4|77.2
17886|YATA?AN|2012|5|77.8
17886|YATA?AN|2012|6|0.2
17886|YATA?AN|2012|7|0.0
17886|YATA?AN|2012|8|10.0
17886|YATA?AN|2012|9|0.0
17886|YATA?AN|2012|10|27.4
17886|YATA?AN|2012|11|28.2
17886|YATA?AN|2012|12|242.6
17886|YATA?AN|2012|13|777.4
17886|YATA?AN|2013|1|159.6
17886|YATA?AN|2013|2|168.6
17886|YATA?AN|2013|3|36.8
17886|YATA?AN|2013|4|73.8
17886|YATA?AN|2013|5|16.4
17886|YATA?AN|2013|6|9.4
17886|YATA?AN|2013|7|43.2
17886|YATA?AN|2013|8|17.2
17886|YATA?AN|2013|9|4.4
17886|YATA?AN|2013|10|83.4
17886|YATA?AN|2013|11|136.4
17886|YATA?AN|2013|12|25.8
17886|YATA?AN|2013|13|775.0
17886|YATA?AN|2014|1|92.6
17886|YATA?AN|2014|2|21.6
17886|YATA?AN|2014|3|107.2
17886|YATA?AN|2014|4|55.4
17886|YATA?AN|2014|5|48.8
17886|YATA?AN|2014|6|60.0
17886|YATA?AN|2014|7|11.2
17886|YATA?AN|2014|8|0.0
17886|YATA?AN|2014|9|39.2
17886|YATA?AN|2014|10|74.0
17886|YATA?AN|2014|11|49.2
17886|YATA?AN|2014|12|237.9
17886|YATA?AN|2014|13|797.1
17886|YATA?AN|2015|1|131.4
17886|YATA?AN|2015|2|144.3
17886|YATA?AN|2015|3|85.2
17886|YATA?AN|2015|4|24.4
17886|YATA?AN|2015|5|39.0
17886|YATA?AN|2015|6|19.6
17886|YATA?AN|2015|7|1.2
17886|YATA?AN|2015|8|7.2
17886|YATA?AN|2015|9|54.3
17886|YATA?AN|2015|10|57.1
17886|YATA?AN|2015|11|50.6
17886|YATA?AN|2015|12|0.2
17886|YATA?AN|2015|13|614.5
17886|YATA?AN|2016|1|156.2
17886|YATA?AN|2016|2|30.6
17886|YATA?AN|2016|3|106.8
17886|YATA?AN|2016|4|18.8
17886|YATA?AN|2016|5|75.2
17886|YATA?AN|2016|6|6.2
17886|YATA?AN|2016|7|5.6
17886|YATA?AN|2016|8|23.8
17886|YATA?AN|2016|9|25.9
17886|YATA?AN|2016|10|1.4
17886|YATA?AN|2016|11|80.4
17886|YATA?AN|2016|12|10.8
17886|YATA?AN|2016|13|541.7
17886|YATA?AN|2017|1|182.6
17886|YATA?AN|2017|2|7.4
17886|YATA?AN|2017|3|113.0
17886|YATA?AN|2017|4|58.6
17886|YATA?AN|2017|5|88.8
17886|YATA?AN|2017|6|15.4
17886|YATA?AN|2017|7|0.0
17886|YATA?AN|2017|8|20.0
17886|YATA?AN|2017|9|0.0
17886|YATA?AN|2017|10|47.2
17886|YATA?AN|2017|11|46.4
17886|YATA?AN|2017|12|57.6
17886|YATA?AN|2017|13|637.0
17886|YATA?AN|2018|1|77.2
17886|YATA?AN|2018|2|70.0
17886|YATA?AN|2018|3|43.2
17886|YATA?AN|2018|4|5.4
17886|YATA?AN|2018|5|96.2
17886|YATA?AN|2018|6|27.4
17886|YATA?AN|2018|7|6.8
17886|YATA?AN|2018|8|22.8
17886|YATA?AN|2018|9|13.0
17886|YATA?AN|2018|10|22.2
17886|YATA?AN|2018|11|75.8
17886|YATA?AN|2018|12|141.0
17886|YATA?AN|2018|13|601.0
17886|YATA?AN|2019|1|340.8
17886|YATA?AN|2019|2|58.6
17886|YATA?AN|2019|3|40.4
17886|YATA?AN|2019|4|65.8
17886|YATA?AN|2019|5|7.4
17886|YATA?AN|2019|6|31.4
17886|YATA?AN|2019|7|17.0
17886|YATA?AN|2019|8|0.2
17886|YATA?AN|2019|9|34.0
17886|YATA?AN|2019|10|44.6
17886|YATA?AN|2019|11|88.2
17886|YATA?AN|2019|12|97.2
17886|YATA?AN|2019|13|825.6
17886|YATA?AN|2020|1|70.2
17886|YATA?AN|2020|2|82.2
17886|YATA?AN|2020|3|68.0
17886|YATA?AN|2020|4|23.6
17886|YATA?AN|2020|5|38.8
17886|YATA?AN|2020|6|15.6
17886|YATA?AN|2020|7|22.3
17886|YATA?AN|2020|8|7.0
17886|YATA?AN|2020|9|2.6
17886|YATA?AN|2020|10|35.6
17886|YATA?AN|2020|11|3.8
17886|YATA?AN|2020|12|22.0
17886|YATA?AN|2020|13|391.7
17886|YATA?AN|2021|1|109.8
17886|YATA?AN|2021|2|23.8
17886|YATA?AN|2021|3|37.6
17886|YATA?AN|2021|4|19.6
17886|YATA?AN|2021|5|0.0
17886|YATA?AN|2021|6|43.2
17924|K?YCE??Z|2005|2|220.8
17924|K?YCE??Z|2005|3|110.6
17924|K?YCE??Z|2005|4|42.0
17924|K?YCE??Z|2005|5|15.0
17924|K?YCE??Z|2005|6|11.4
17924|K?YCE??Z|2005|7|0.4
17924|K?YCE??Z|2005|8|0.0
17924|K?YCE??Z|2005|9|37.4
17924|K?YCE??Z|2005|10|2.2
17924|K?YCE??Z|2005|11|133.8
17924|K?YCE??Z|2005|12|136.8
17924|K?YCE??Z|2005|13|710.4
17924|K?YCE??Z|2006|1|97.8
17924|K?YCE??Z|2006|2|237.2
17924|K?YCE??Z|2006|3|169.4
17924|K?YCE??Z|2006|4|30.8
17924|K?YCE??Z|2006|5|9.4
17924|K?YCE??Z|2006|6|13.8
17924|K?YCE??Z|2006|7|15.6
17924|K?YCE??Z|2006|8|0.0
17924|K?YCE??Z|2006|9|60.4
17924|K?YCE??Z|2006|10|87.2
17924|K?YCE??Z|2006|11|18.0
17924|K?YCE??Z|2006|12|10.2
17924|K?YCE??Z|2006|13|749.8
17924|K?YCE??Z|2007|1|62.0
17924|K?YCE??Z|2007|2|206.0
17924|K?YCE??Z|2007|3|29.4
17924|K?YCE??Z|2007|4|46.2
17924|K?YCE??Z|2007|5|34.2
17924|K?YCE??Z|2007|6|0.2
17924|K?YCE??Z|2007|7|19.8
17924|K?YCE??Z|2007|8|0.2
17924|K?YCE??Z|2007|9|0.0
17924|K?YCE??Z|2007|10|76.2
17924|K?YCE??Z|2007|11|208.2
17924|K?YCE??Z|2007|12|184.8
17924|K?YCE??Z|2007|13|867.2
17924|K?YCE??Z|2008|1|57.6
17924|K?YCE??Z|2008|2|69.0
17924|K?YCE??Z|2008|3|94.8
17924|K?YCE??Z|2008|4|105.4
17924|K?YCE??Z|2008|5|19.6
17924|K?YCE??Z|2008|6|0.0
17924|K?YCE??Z|2008|7|6.8
17924|K?YCE??Z|2008|8|0.0
17924|K?YCE??Z|2008|9|85.6
17924|K?YCE??Z|2008|10|127.0
17924|K?YCE??Z|2008|11|100.4
17924|K?YCE??Z|2008|12|33.4
17924|K?YCE??Z|2008|13|699.6
17924|K?YCE??Z|2009|1|354.4
17924|K?YCE??Z|2009|2|262.4
17924|K?YCE??Z|2009|3|128.6
17924|K?YCE??Z|2009|4|79.2
17924|K?YCE??Z|2009|5|112.4
17924|K?YCE??Z|2009|6|3.4
17924|K?YCE??Z|2009|7|0.0
17924|K?YCE??Z|2009|8|0.0
17924|K?YCE??Z|2009|9|30.4
17924|K?YCE??Z|2009|10|190.4
17924|K?YCE??Z|2009|11|207.8
17924|K?YCE??Z|2009|12|272.6
17924|K?YCE??Z|2009|13|1641.6
17924|K?YCE??Z|2010|1|186.6
17924|K?YCE??Z|2010|2|278.0
17924|K?YCE??Z|2010|3|10.2
17924|K?YCE??Z|2010|4|46.2
17924|K?YCE??Z|2010|5|35.8
17924|K?YCE??Z|2010|6|38.0
17924|K?YCE??Z|2010|7|0.4
17924|K?YCE??Z|2010|8|0.0
17924|K?YCE??Z|2010|9|14.0
17924|K?YCE??Z|2010|10|101.6
17924|K?YCE??Z|2010|11|63.4
17924|K?YCE??Z|2010|12|162.6
17924|K?YCE??Z|2010|13|936.8
17924|K?YCE??Z|2011|1|217.2
17924|K?YCE??Z|2011|2|167.6
17924|K?YCE??Z|2011|3|29.4
17924|K?YCE??Z|2011|4|92.0
17924|K?YCE??Z|2011|5|25.2
17924|K?YCE??Z|2011|6|3.2
17924|K?YCE??Z|2011|7|3.4
17924|K?YCE??Z|2011|8|0.0
17924|K?YCE??Z|2011|9|19.4
17924|K?YCE??Z|2011|10|190.2
17924|K?YCE??Z|2011|11|9.8
17924|K?YCE??Z|2011|12|336.4
17924|K?YCE??Z|2011|13|1093.8
17924|K?YCE??Z|2012|1|458.2
17924|K?YCE??Z|2012|2|229.8
17924|K?YCE??Z|2012|3|58.4
17924|K?YCE??Z|2012|4|138.0
17924|K?YCE??Z|2012|5|87.8
17924|K?YCE??Z|2012|6|1.2
17924|K?YCE??Z|2012|7|0.0
17924|K?YCE??Z|2012|8|0.0
17924|K?YCE??Z|2012|9|0.6
17924|K?YCE??Z|2012|10|81.2
17924|K?YCE??Z|2012|11|61.8
17924|K?YCE??Z|2012|12|328.6
17924|K?YCE??Z|2012|13|1445.6
17924|K?YCE??Z|2013|1|310.8
17924|K?YCE??Z|2013|2|304.0
17924|K?YCE??Z|2013|3|76.8
17924|K?YCE??Z|2013|4|83.2
17924|K?YCE??Z|2013|5|50.4
17924|K?YCE??Z|2013|6|5.4
17924|K?YCE??Z|2013|7|4.6
17924|K?YCE??Z|2013|8|0.0
17924|K?YCE??Z|2013|9|1.0
17924|K?YCE??Z|2013|10|302.0
17924|K?YCE??Z|2013|11|222.8
17924|K?YCE??Z|2013|12|75.4
17924|K?YCE??Z|2013|13|1436.4
17924|K?YCE??Z|2014|1|232.8
17924|K?YCE??Z|2014|2|32.8
17924|K?YCE??Z|2014|3|115.4
17924|K?YCE??Z|2014|4|74.2
17924|K?YCE??Z|2014|5|78.2
17924|K?YCE??Z|2014|6|12.8
17924|K?YCE??Z|2014|7|0.0
17924|K?YCE??Z|2014|8|0.8
17924|K?YCE??Z|2014|9|29.8
17924|K?YCE??Z|2014|10|154.8
17924|K?YCE??Z|2014|11|179.7
17924|K?YCE??Z|2014|12|337.6
17924|K?YCE??Z|2014|13|1248.9
17924|K?YCE??Z|2015|1|489.5
17924|K?YCE??Z|2015|2|207.7
17924|K?YCE??Z|2015|3|224.4
17924|K?YCE??Z|2015|4|65.5
17924|K?YCE??Z|2015|5|35.5
17924|K?YCE??Z|2015|6|48.0
17924|K?YCE??Z|2015|7|0.2
17924|K?YCE??Z|2015|8|0.0
17924|K?YCE??Z|2015|9|73.3
17924|K?YCE??Z|2015|10|276.9
17924|K?YCE??Z|2015|11|173.4
17924|K?YCE??Z|2015|12|0.0
17924|K?YCE??Z|2015|13|1594.4
17924|K?YCE??Z|2016|1|192.2
17924|K?YCE??Z|2016|2|63.3
17924|K?YCE??Z|2016|3|147.5
17924|K?YCE??Z|2016|4|15.7
17924|K?YCE??Z|2016|5|92.1
17924|K?YCE??Z|2016|6|4.7
17924|K?YCE??Z|2016|7|0.0
17924|K?YCE??Z|2016|8|0.6
17924|K?YCE??Z|2016|9|0.0
17924|K?YCE??Z|2016|10|0.0
17924|K?YCE??Z|2016|11|114.5
17924|K?YCE??Z|2016|12|53.9
17924|K?YCE??Z|2016|13|684.5
17924|K?YCE??Z|2017|1|235.9
17924|K?YCE??Z|2017|2|10.6
17924|K?YCE??Z|2017|3|147.7
17924|K?YCE??Z|2017|4|35.9
17924|K?YCE??Z|2017|5|23.8
17924|K?YCE??Z|2017|6|3.4
17924|K?YCE??Z|2017|7|0.0
17924|K?YCE??Z|2017|8|7.1
17924|K?YCE??Z|2017|9|0.0
17924|K?YCE??Z|2017|10|127.9
17924|K?YCE??Z|2017|11|205.8
17924|K?YCE??Z|2017|12|156.3
17924|K?YCE??Z|2017|13|954.4
17924|K?YCE??Z|2018|1|152.4
17924|K?YCE??Z|2018|2|77.3
17924|K?YCE??Z|2018|3|96.5
17924|K?YCE??Z|2018|4|3.1
17924|K?YCE??Z|2018|5|58.9
17924|K?YCE??Z|2018|6|10.2
17924|K?YCE??Z|2018|7|0.0
17924|K?YCE??Z|2018|8|1.8
17924|K?YCE??Z|2018|9|13.5
17924|K?YCE??Z|2018|10|96.7
17924|K?YCE??Z|2018|11|263.3
17924|K?YCE??Z|2018|12|177.5
17924|K?YCE??Z|2018|13|951.2
17924|K?YCE??Z|2019|1|442.4
17924|K?YCE??Z|2019|2|102.8
17924|K?YCE??Z|2019|3|61.8
17924|K?YCE??Z|2019|4|177.4
17924|K?YCE??Z|2019|5|15.0
17924|K?YCE??Z|2019|6|5.9
17924|K?YCE??Z|2019|7|54.2
17924|K?YCE??Z|2019|8|1.1
17924|K?YCE??Z|2019|9|26.5
17924|K?YCE??Z|2019|10|131.8
17924|K?YCE??Z|2019|11|129.0
17924|K?YCE??Z|2019|12|226.4
17924|K?YCE??Z|2019|13|1374.3
17924|K?YCE??Z|2020|1|178.9
17924|K?YCE??Z|2020|2|147.7
17924|K?YCE??Z|2020|3|39.8
17924|K?YCE??Z|2020|4|38.7
17924|K?YCE??Z|2020|5|72.5
17924|K?YCE??Z|2020|6|5.7
17924|K?YCE??Z|2020|7|19.4
17924|K?YCE??Z|2020|8|0.0
17924|K?YCE??Z|2020|9|0.7
17924|K?YCE??Z|2020|10|85.7
17924|K?YCE??Z|2020|11|24.6
17924|K?YCE??Z|2020|12|42.3
17924|K?YCE??Z|2020|13|656.0
17924|K?YCE??Z|2021|1|306.5
17924|K?YCE??Z|2021|2|68.4
17924|K?YCE??Z|2021|3|68.4
17924|K?YCE??Z|2021|4|27.7
17924|K?YCE??Z|2021|5|0.3
17924|K?YCE??Z|2021|6|14.2
18032|KARABURUN|2012|2|0.0
18032|KARABURUN|2012|3|28.4
18032|KARABURUN|2012|4|284.5
18032|KARABURUN|2012|5|35.8
18032|KARABURUN|2012|6|0.0
18032|KARABURUN|2012|7|2.4
18032|KARABURUN|2012|10|0.0
18032|KARABURUN|2012|11|126.2
18032|KARABURUN|2012|12|614.3
18032|KARABURUN|2013|1|868.1
18032|KARABURUN|2013|2|358.0
18032|KARABURUN|2013|3|278.4
18032|KARABURUN|2013|4|37.7
18032|KARABURUN|2013|5|44.4
18032|KARABURUN|2013|6|23.5
18032|KARABURUN|2013|7|0.0
18032|KARABURUN|2013|8|0.0
18032|KARABURUN|2013|9|26.4
18032|KARABURUN|2013|10|114.2
18032|KARABURUN|2013|11|126.1
18032|KARABURUN|2013|12|8.8
18032|KARABURUN|2013|13|1885.6
18032|KARABURUN|2014|1|73.5
18032|KARABURUN|2014|2|7.3
18032|KARABURUN|2014|3|70.6
18032|KARABURUN|2014|4|63.5
18032|KARABURUN|2014|5|9.9
18032|KARABURUN|2014|6|17.8
18032|KARABURUN|2014|7|0.0
18032|KARABURUN|2014|8|1.1
18032|KARABURUN|2014|9|7.0
18032|KARABURUN|2014|10|33.0
18032|KARABURUN|2014|11|24.0
18032|KARABURUN|2014|12|140.3
18032|KARABURUN|2014|13|448.0
18032|KARABURUN|2015|1|244.6
18032|KARABURUN|2015|2|806.7
18032|KARABURUN|2015|3|118.4
18032|KARABURUN|2015|4|35.4
18032|KARABURUN|2015|5|16.3
18032|KARABURUN|2015|6|47.8
18032|KARABURUN|2015|7|0.0
18032|KARABURUN|2015|8|0.0
18032|KARABURUN|2015|9|8.8
18032|KARABURUN|2015|10|162.4
18032|KARABURUN|2015|11|34.0
18032|KARABURUN|2015|12|0.0
18032|KARABURUN|2015|13|1474.4
18032|KARABURUN|2016|1|192.8
18032|KARABURUN|2016|2|59.9
18032|KARABURUN|2016|3|53.6
18032|KARABURUN|2016|4|5.4
18032|KARABURUN|2016|5|13.7
18032|KARABURUN|2016|6|14.5
18032|KARABURUN|2016|7|0.0
18032|KARABURUN|2016|8|0.0
18032|KARABURUN|2016|9|0.4
18032|KARABURUN|2016|10|11.7
18032|KARABURUN|2016|11|53.5
18032|KARABURUN|2016|12|17.0
18032|KARABURUN|2016|13|422.5
18032|KARABURUN|2017|1|175.1
18032|KARABURUN|2017|2|32.2
18032|KARABURUN|2017|3|84.1
18032|KARABURUN|2017|4|11.3
18032|KARABURUN|2017|5|23.5
18032|KARABURUN|2017|6|0.4
18032|KARABURUN|2017|7|9.3
18032|KARABURUN|2017|8|0.0
18032|KARABURUN|2017|9|0.0
18032|KARABURUN|2017|10|19.8
18032|KARABURUN|2017|11|45.0
18032|KARABURUN|2017|12|113.8
18032|KARABURUN|2017|13|514.5
18032|KARABURUN|2018|1|107.3
18032|KARABURUN|2018|2|119.1
18032|KARABURUN|2018|3|31.1
18032|KARABURUN|2018|4|1.1
18032|KARABURUN|2018|5|7.3
18032|KARABURUN|2018|6|49.0
18032|KARABURUN|2018|7|0.0
18032|KARABURUN|2018|8|0.0
18032|KARABURUN|2018|9|22.5
18032|KARABURUN|2018|10|20.5
18032|KARABURUN|2018|11|85.2
18032|KARABURUN|2018|12|86.3
18032|KARABURUN|2018|13|529.4
18032|KARABURUN|2019|1|258.7
18032|KARABURUN|2019|2|81.2
18032|KARABURUN|2019|3|42.0
18032|KARABURUN|2019|4|75.0
18032|KARABURUN|2019|5|0.5
18032|KARABURUN|2019|6|7.7
18032|KARABURUN|2019|7|23.1
18032|KARABURUN|2019|8|0.3
18032|KARABURUN|2019|9|6.4
18032|KARABURUN|2019|10|29.3
18032|KARABURUN|2019|11|30.8
18032|KARABURUN|2019|12|94.2
18032|KARABURUN|2019|13|649.2
18032|KARABURUN|2020|1|51.7
18032|KARABURUN|2020|2|88.2
18032|KARABURUN|2020|3|65.2
18032|KARABURUN|2020|4|48.7
18032|KARABURUN|2020|5|54.2
18032|KARABURUN|2020|6|27.5
18032|KARABURUN|2020|7|0.0
18032|KARABURUN|2020|8|0.1
18032|KARABURUN|2020|9|0.0
18032|KARABURUN|2020|10|52.5
18032|KARABURUN|2020|11|0.2
18032|KARABURUN|2020|12|208.5
18032|KARABURUN|2020|13|596.8
18032|KARABURUN|2021|1|153.3
18032|KARABURUN|2021|2|68.1
18032|KARABURUN|2021|3|90.6
18032|KARABURUN|2021|4|26.8
18032|KARABURUN|2021|5|2.5
18032|KARABURUN|2021|6|13.7
18298|DEN?ZL?/BOZKURT|2014|2|0.0
18298|DEN?ZL?/BOZKURT|2014|3|9.7
18298|DEN?ZL?/BOZKURT|2014|4|30.6
18298|DEN?ZL?/BOZKURT|2014|5|56.8
18298|DEN?ZL?/BOZKURT|2014|6|22.6
18298|DEN?ZL?/BOZKURT|2014|7|1.4
18298|DEN?ZL?/BOZKURT|2014|8|36.5
18298|DEN?ZL?/BOZKURT|2014|9|109.0
18298|DEN?ZL?/BOZKURT|2014|10|34.2
18298|DEN?ZL?/BOZKURT|2014|11|41.0
18298|DEN?ZL?/BOZKURT|2014|12|46.6
18298|DEN?ZL?/BOZKURT|2015|1|91.7
18298|DEN?ZL?/BOZKURT|2015|2|58.0
18298|DEN?ZL?/BOZKURT|2015|3|111.4
18298|DEN?ZL?/BOZKURT|2015|4|36.6
18298|DEN?ZL?/BOZKURT|2015|5|52.3
18298|DEN?ZL?/BOZKURT|2015|6|65.5
18298|DEN?ZL?/BOZKURT|2015|7|18.2
18298|DEN?ZL?/BOZKURT|2015|8|36.8
18298|DEN?ZL?/BOZKURT|2015|9|10.7
18298|DEN?ZL?/BOZKURT|2015|10|15.0
18298|DEN?ZL?/BOZKURT|2015|11|10.3
18298|DEN?ZL?/BOZKURT|2015|12|0.8
18298|DEN?ZL?/BOZKURT|2015|13|507.3
18298|DEN?ZL?/BOZKURT|2016|1|57.1
18298|DEN?ZL?/BOZKURT|2016|2|12.7
18298|DEN?ZL?/BOZKURT|2016|3|46.6
18298|DEN?ZL?/BOZKURT|2016|4|18.0
18298|DEN?ZL?/BOZKURT|2016|5|70.7
18298|DEN?ZL?/BOZKURT|2016|6|39.0
18298|DEN?ZL?/BOZKURT|2016|7|1.8
18298|DEN?ZL?/BOZKURT|2016|8|4.0
18298|DEN?ZL?/BOZKURT|2016|9|19.9
18298|DEN?ZL?/BOZKURT|2016|10|9.1
18298|DEN?ZL?/BOZKURT|2016|11|40.9
18298|DEN?ZL?/BOZKURT|2016|12|8.0
18298|DEN?ZL?/BOZKURT|2016|13|327.8
18298|DEN?ZL?/BOZKURT|2017|1|50.7
18298|DEN?ZL?/BOZKURT|2017|2|0.5
18298|DEN?ZL?/BOZKURT|2017|3|29.5
18298|DEN?ZL?/BOZKURT|2017|4|40.1
18298|DEN?ZL?/BOZKURT|2017|5|88.6
18298|DEN?ZL?/BOZKURT|2017|6|16.2
18298|DEN?ZL?/BOZKURT|2017|7|0.0
18298|DEN?ZL?/BOZKURT|2017|8|34.8
18298|DEN?ZL?/BOZKURT|2017|9|4.2
18298|DEN?ZL?/BOZKURT|2017|10|26.7
18298|DEN?ZL?/BOZKURT|2017|11|40.1
18298|DEN?ZL?/BOZKURT|2017|12|30.8
18298|DEN?ZL?/BOZKURT|2017|13|362.2
18298|DEN?ZL?/BOZKURT|2018|1|50.4
18298|DEN?ZL?/BOZKURT|2018|2|26.4
18298|DEN?ZL?/BOZKURT|2018|3|48.0
18298|DEN?ZL?/BOZKURT|2018|4|5.2
18298|DEN?ZL?/BOZKURT|2018|5|59.6
18298|DEN?ZL?/BOZKURT|2018|6|81.0
18298|DEN?ZL?/BOZKURT|2018|7|3.5
18298|DEN?ZL?/BOZKURT|2018|8|34.5
18298|DEN?ZL?/BOZKURT|2018|9|4.6
18298|DEN?ZL?/BOZKURT|2018|10|23.6
18298|DEN?ZL?/BOZKURT|2018|11|25.4
18298|DEN?ZL?/BOZKURT|2018|12|86.8
18298|DEN?ZL?/BOZKURT|2018|13|449.0
18298|DEN?ZL?/BOZKURT|2019|1|46.2
18298|DEN?ZL?/BOZKURT|2019|2|19.3
18298|DEN?ZL?/BOZKURT|2019|3|15.1
18298|DEN?ZL?/BOZKURT|2019|4|37.5
18298|DEN?ZL?/BOZKURT|2019|5|36.6
18298|DEN?ZL?/BOZKURT|2019|6|70.4
18298|DEN?ZL?/BOZKURT|2019|7|23.5
18298|DEN?ZL?/BOZKURT|2019|8|0.8
18298|DEN?ZL?/BOZKURT|2019|9|13.3
18298|DEN?ZL?/BOZKURT|2019|10|0.2
18298|DEN?ZL?/BOZKURT|2019|11|10.2
18298|DEN?ZL?/BOZKURT|2019|12|67.4
18298|DEN?ZL?/BOZKURT|2019|13|340.5
18298|DEN?ZL?/BOZKURT|2020|1|31.2
18298|DEN?ZL?/BOZKURT|2020|2|62.0
18298|DEN?ZL?/BOZKURT|2020|3|31.2
18298|DEN?ZL?/BOZKURT|2020|4|28.0
18298|DEN?ZL?/BOZKURT|2020|5|103.1
18298|DEN?ZL?/BOZKURT|2020|6|2.4
18298|DEN?ZL?/BOZKURT|2020|7|16.9
18298|DEN?ZL?/BOZKURT|2020|8|18.9
18298|DEN?ZL?/BOZKURT|2020|9|3.7
18298|DEN?ZL?/BOZKURT|2020|10|51.2
18298|DEN?ZL?/BOZKURT|2020|11|34.2
18298|DEN?ZL?/BOZKURT|2020|12|11.1
18298|DEN?ZL?/BOZKURT|2020|13|393.9
18298|DEN?ZL?/BOZKURT|2021|1|61.4
18298|DEN?ZL?/BOZKURT|2021|2|6.1
18298|DEN?ZL?/BOZKURT|2021|3|51.6
18298|DEN?ZL?/BOZKURT|2021|4|12.7
18298|DEN?ZL?/BOZKURT|2021|5|0.4
18298|DEN?ZL?/BOZKURT|2021|6|58.8
18822|BAYINDIR / ?INARD?B? K?Y?|2016|11|141.3
18822|BAYINDIR / ?INARD?B? K?Y?|2016|12|17.1
18822|BAYINDIR / ?INARD?B? K?Y?|2017|1|359.7
18822|BAYINDIR / ?INARD?B? K?Y?|2017|2|72.7
18822|BAYINDIR / ?INARD?B? K?Y?|2017|3|81.8
18822|BAYINDIR / ?INARD?B? K?Y?|2017|4|73.9
18822|BAYINDIR / ?INARD?B? K?Y?|2017|5|18.5
18822|BAYINDIR / ?INARD?B? K?Y?|2017|6|5.9
18822|BAYINDIR / ?INARD?B? K?Y?|2017|7|0.0
18822|BAYINDIR / ?INARD?B? K?Y?|2017|8|2.5
18822|BAYINDIR / ?INARD?B? K?Y?|2017|9|3.2
18822|BAYINDIR / ?INARD?B? K?Y?|2017|10|44.2
18822|BAYINDIR / ?INARD?B? K?Y?|2017|11|92.4
18822|BAYINDIR / ?INARD?B? K?Y?|2017|12|222.2
18822|BAYINDIR / ?INARD?B? K?Y?|2017|13|977.0
18822|BAYINDIR / ?INARD?B? K?Y?|2018|1|134.0
18822|BAYINDIR / ?INARD?B? K?Y?|2018|2|165.1
18822|BAYINDIR / ?INARD?B? K?Y?|2018|3|104.9
18822|BAYINDIR / ?INARD?B? K?Y?|2018|4|7.2
18822|BAYINDIR / ?INARD?B? K?Y?|2018|5|31.5
18822|BAYINDIR / ?INARD?B? K?Y?|2018|6|54.4
18822|BAYINDIR / ?INARD?B? K?Y?|2018|7|46.4
18822|BAYINDIR / ?INARD?B? K?Y?|2018|8|0.9
18822|BAYINDIR / ?INARD?B? K?Y?|2018|9|24.7
18822|BAYINDIR / ?INARD?B? K?Y?|2018|10|49.3
18822|BAYINDIR / ?INARD?B? K?Y?|2018|11|65.9
18822|BAYINDIR / ?INARD?B? K?Y?|2018|12|136.5
18822|BAYINDIR / ?INARD?B? K?Y?|2018|13|820.8
18822|BAYINDIR / ?INARD?B? K?Y?|2019|1|492.0
18822|BAYINDIR / ?INARD?B? K?Y?|2019|2|128.6
18822|BAYINDIR / ?INARD?B? K?Y?|2019|3|93.9
18822|BAYINDIR / ?INARD?B? K?Y?|2019|4|118.5
18822|BAYINDIR / ?INARD?B? K?Y?|2019|5|11.8
18822|BAYINDIR / ?INARD?B? K?Y?|2019|6|67.3
18822|BAYINDIR / ?INARD?B? K?Y?|2019|7|8.1
18822|BAYINDIR / ?INARD?B? K?Y?|2019|8|0.0
18822|BAYINDIR / ?INARD?B? K?Y?|2019|9|22.6
18822|BAYINDIR / ?INARD?B? K?Y?|2019|10|69.3
18822|BAYINDIR / ?INARD?B? K?Y?|2019|11|93.6
18822|BAYINDIR / ?INARD?B? K?Y?|2019|12|123.5
18822|BAYINDIR / ?INARD?B? K?Y?|2019|13|1229.2
18822|BAYINDIR / ?INARD?B? K?Y?|2020|1|98.7
18822|BAYINDIR / ?INARD?B? K?Y?|2020|2|137.7
18822|BAYINDIR / ?INARD?B? K?Y?|2020|3|84.5
18822|BAYINDIR / ?INARD?B? K?Y?|2020|4|46.7
18822|BAYINDIR / ?INARD?B? K?Y?|2020|5|105.0
18822|BAYINDIR / ?INARD?B? K?Y?|2020|6|24.6
18822|BAYINDIR / ?INARD?B? K?Y?|2020|7|0.0
18822|BAYINDIR / ?INARD?B? K?Y?|2020|8|0.3
18822|BAYINDIR / ?INARD?B? K?Y?|2020|9|0.7
18822|BAYINDIR / ?INARD?B? K?Y?|2020|10|30.8
18822|BAYINDIR / ?INARD?B? K?Y?|2020|11|3.8
18822|BAYINDIR / ?INARD?B? K?Y?|2020|12|213.3
18822|BAYINDIR / ?INARD?B? K?Y?|2020|13|746.1
18822|BAYINDIR / ?INARD?B? K?Y?|2021|1|203.9
18822|BAYINDIR / ?INARD?B? K?Y?|2021|2|124.2
18822|BAYINDIR / ?INARD?B? K?Y?|2021|3|193.3
18822|BAYINDIR / ?INARD?B? K?Y?|2021|4|31.2
18822|BAYINDIR / ?INARD?B? K?Y?|2021|5|1.1
18822|BAYINDIR / ?INARD?B? K?Y?|2021|6|19.2
