Istasyon_No|Istasyon_Adi|YIL|AY|ORTALAMA_TOPRAK_NEMI_20
17186|MAN?SA|2007|12|16.3
17186|MAN?SA|2008|1|15.5
17186|MAN?SA|2008|2|15.8
17186|MAN?SA|2008|3|15.3
17186|MAN?SA|2008|4|15.9
17186|MAN?SA|2008|5|15.1
17186|MAN?SA|2008|6|14.8
17186|MAN?SA|2008|7|14.1
17186|MAN?SA|2008|8|12.2
17186|MAN?SA|2008|9|11.9
17186|MAN?SA|2008|10|12.8
17186|MAN?SA|2008|11|13.9
17186|MAN?SA|2008|12|18.2
17186|MAN?SA|2009|1|18.8
17186|MAN?SA|2009|2|19.6
17186|MAN?SA|2009|3|19.3
17186|MAN?SA|2009|4|17.6
17186|MAN?SA|2009|5|16.4
17186|MAN?SA|2009|8|11.1
17186|MAN?SA|2009|9|12.3
17186|MAN?SA|2009|10|11.4
17186|MAN?SA|2009|11|15.5
17186|MAN?SA|2009|12|17.3
17186|MAN?SA|2010|1|17.1
17186|MAN?SA|2010|2|17.1
17186|MAN?SA|2010|3|14.5
17186|MAN?SA|2010|4|11.0
17186|MAN?SA|2010|5|10.8
17186|MAN?SA|2010|6|11.4
17186|MAN?SA|2010|7|8.2
17186|MAN?SA|2010|8|6.5
17186|MAN?SA|2010|9|8.2
17186|MAN?SA|2010|10|12.3
17186|MAN?SA|2010|11|15.3
17186|MAN?SA|2010|12|16.6
17186|MAN?SA|2011|1|16.2
17186|MAN?SA|2011|2|16.4
17186|MAN?SA|2011|3|13.4
17186|MAN?SA|2011|4|12.8
17186|MAN?SA|2011|5|11.5
17186|MAN?SA|2011|6|13.0
17186|MAN?SA|2011|7|10.4
17186|MAN?SA|2011|8|10.9
17186|MAN?SA|2011|9|12.5
17186|MAN?SA|2011|10|12.9
17186|MAN?SA|2011|11|10.3
17186|MAN?SA|2011|12|14.7
17186|MAN?SA|2016|1|15.6
17186|MAN?SA|2016|2|14.5
17186|MAN?SA|2016|3|15.2
17186|MAN?SA|2016|4|10.7
17186|MAN?SA|2016|5|12.7
17186|MAN?SA|2016|6|10.9
17186|MAN?SA|2016|7|10.0
17186|MAN?SA|2016|8|10.0
17186|MAN?SA|2016|9|9.5
17186|MAN?SA|2016|10|9.0
17186|MAN?SA|2016|11|11.4
17186|MAN?SA|2016|12|13.2
17186|MAN?SA|2017|1|16.8
17186|MAN?SA|2017|2|13.9
17186|MAN?SA|2017|3|15.5
17186|MAN?SA|2017|4|13.1
17186|MAN?SA|2017|5|13.8
17186|MAN?SA|2017|6|13.2
17186|MAN?SA|2017|7|9.3
17186|MAN?SA|2017|8|6.9
17186|MAN?SA|2017|9|9.8
17186|MAN?SA|2017|10|13.5
17186|MAN?SA|2017|11|16.6
17186|MAN?SA|2017|12|18.2
17186|MAN?SA|2018|1|18.0
17186|MAN?SA|2018|2|18.2
17186|MAN?SA|2018|3|18.0
17186|MAN?SA|2018|4|13.6
17186|MAN?SA|2018|5|12.8
17186|MAN?SA|2018|6|14.3
17186|MAN?SA|2018|7|11.9
17186|MAN?SA|2018|8|11.4
17186|MAN?SA|2018|9|9.5
17186|MAN?SA|2018|10|15.1
17186|MAN?SA|2018|11|16.1
17186|MAN?SA|2018|12|19.2
17186|MAN?SA|2019|1|20.6
17186|MAN?SA|2019|2|19.5
17186|MAN?SA|2019|3|16.1
17186|MAN?SA|2019|4|15.2
17186|MAN?SA|2019|5|12.2
17186|MAN?SA|2019|6|11.1
17186|MAN?SA|2019|7|11.1
17186|MAN?SA|2019|8|7.9
17186|MAN?SA|2019|9|8.0
17186|MAN?SA|2019|10|7.6
17186|MAN?SA|2019|11|9.0
17186|MAN?SA|2019|12|16.2
17186|MAN?SA|2020|1|14.6
17186|MAN?SA|2020|2|16.6
17186|MAN?SA|2020|3|14.6
17186|MAN?SA|2020|4|13.7
17186|MAN?SA|2020|5|13.4
17186|MAN?SA|2020|7|5.9
17186|MAN?SA|2020|9|4.0
17186|MAN?SA|2020|10|7.9
17186|MAN?SA|2020|11|8.4
17186|MAN?SA|2020|12|13.6
17186|MAN?SA|2021|1|17.3
17186|MAN?SA|2021|2|15.9
17186|MAN?SA|2021|3|14.9
17186|MAN?SA|2021|4|13.6
17186|MAN?SA|2021|5|9.8
17186|MAN?SA|2021|6|9.1
17227|AYDIN ?ILDIR HAVAL?MANI|2010|1|1.3
17227|AYDIN ?ILDIR HAVAL?MANI|2010|2|2.4
17227|AYDIN ?ILDIR HAVAL?MANI|2010|3|1.5
17227|AYDIN ?ILDIR HAVAL?MANI|2010|4|2.8
17227|AYDIN ?ILDIR HAVAL?MANI|2010|5|25.1
17227|AYDIN ?ILDIR HAVAL?MANI|2010|6|34.1
17227|AYDIN ?ILDIR HAVAL?MANI|2010|7|28.6
17227|AYDIN ?ILDIR HAVAL?MANI|2010|8|25.9
17227|AYDIN ?ILDIR HAVAL?MANI|2010|9|25.2
17227|AYDIN ?ILDIR HAVAL?MANI|2010|10|33.0
17227|AYDIN ?ILDIR HAVAL?MANI|2010|11|40.6
17227|AYDIN ?ILDIR HAVAL?MANI|2010|12|42.7
17227|AYDIN ?ILDIR HAVAL?MANI|2011|1|42.6
17227|AYDIN ?ILDIR HAVAL?MANI|2011|2|43.4
17227|AYDIN ?ILDIR HAVAL?MANI|2011|3|42.7
17227|AYDIN ?ILDIR HAVAL?MANI|2011|4|38.3
17227|AYDIN ?ILDIR HAVAL?MANI|2011|5|35.7
17227|AYDIN ?ILDIR HAVAL?MANI|2011|6|43.5
17227|AYDIN ?ILDIR HAVAL?MANI|2011|7|34.2
17227|AYDIN ?ILDIR HAVAL?MANI|2011|8|28.6
17227|AYDIN ?ILDIR HAVAL?MANI|2011|9|30.1
17227|AYDIN ?ILDIR HAVAL?MANI|2011|10|38.9
17227|AYDIN ?ILDIR HAVAL?MANI|2011|11|29.4
17227|AYDIN ?ILDIR HAVAL?MANI|2011|12|37.5
17227|AYDIN ?ILDIR HAVAL?MANI|2016|1|46.3
17227|AYDIN ?ILDIR HAVAL?MANI|2016|2|45.5
17227|AYDIN ?ILDIR HAVAL?MANI|2016|3|49.5
17227|AYDIN ?ILDIR HAVAL?MANI|2016|4|41.9
17227|AYDIN ?ILDIR HAVAL?MANI|2016|5|37.4
17227|AYDIN ?ILDIR HAVAL?MANI|2016|6|36.2
17227|AYDIN ?ILDIR HAVAL?MANI|2016|7|34.0
17227|AYDIN ?ILDIR HAVAL?MANI|2016|8|31.3
17227|AYDIN ?ILDIR HAVAL?MANI|2016|9|28.6
17227|AYDIN ?ILDIR HAVAL?MANI|2016|10|26.8
17227|AYDIN ?ILDIR HAVAL?MANI|2016|11|26.5
17227|AYDIN ?ILDIR HAVAL?MANI|2016|12|30.4
17227|AYDIN ?ILDIR HAVAL?MANI|2017|1|43.3
17227|AYDIN ?ILDIR HAVAL?MANI|2017|2|41.5
17227|AYDIN ?ILDIR HAVAL?MANI|2017|3|44.4
17227|AYDIN ?ILDIR HAVAL?MANI|2017|4|36.0
17227|AYDIN ?ILDIR HAVAL?MANI|2017|5|34.5
17227|AYDIN ?ILDIR HAVAL?MANI|2017|6|39.0
17227|AYDIN ?ILDIR HAVAL?MANI|2017|7|28.3
17227|AYDIN ?ILDIR HAVAL?MANI|2017|8|26.1
17227|AYDIN ?ILDIR HAVAL?MANI|2017|9|22.9
17227|AYDIN ?ILDIR HAVAL?MANI|2017|10|23.9
17227|AYDIN ?ILDIR HAVAL?MANI|2017|11|36.0
17237|DEN?ZL?|2007|12|19.5
17237|DEN?ZL?|2008|1|17.0
17237|DEN?ZL?|2008|2|17.5
17237|DEN?ZL?|2008|3|18.0
17237|DEN?ZL?|2008|4|17.7
17237|DEN?ZL?|2008|5|14.5
17237|DEN?ZL?|2008|6|11.3
17237|DEN?ZL?|2008|7|9.7
17237|DEN?ZL?|2008|8|10.0
17237|DEN?ZL?|2008|9|9.3
17237|DEN?ZL?|2008|10|11.6
17237|DEN?ZL?|2008|11|14.2
17237|DEN?ZL?|2008|12|16.8
17237|DEN?ZL?|2009|1|19.3
17237|DEN?ZL?|2009|2|20.7
17237|DEN?ZL?|2009|3|20.7
17237|DEN?ZL?|2009|4|19.7
17237|DEN?ZL?|2009|5|17.6
17237|DEN?ZL?|2009|8|9.0
17237|DEN?ZL?|2009|9|9.2
17237|DEN?ZL?|2009|10|9.0
17237|DEN?ZL?|2009|11|19.5
17237|DEN?ZL?|2009|12|20.2
17237|DEN?ZL?|2010|1|20.7
17237|DEN?ZL?|2010|2|21.5
17237|DEN?ZL?|2010|3|19.0
17237|DEN?ZL?|2010|4|15.4
17237|DEN?ZL?|2010|5|15.4
17237|DEN?ZL?|2010|6|16.4
17237|DEN?ZL?|2010|7|13.2
17237|DEN?ZL?|2010|8|11.4
17237|DEN?ZL?|2010|9|10.1
17237|DEN?ZL?|2010|10|14.7
17237|DEN?ZL?|2010|11|16.2
17237|DEN?ZL?|2010|12|18.9
17237|DEN?ZL?|2011|1|19.4
17237|DEN?ZL?|2011|2|19.5
17237|DEN?ZL?|2011|3|18.6
17237|DEN?ZL?|2011|4|17.1
17237|DEN?ZL?|2011|5|18.8
17237|DEN?ZL?|2011|6|14.1
17237|DEN?ZL?|2011|7|10.4
17237|DEN?ZL?|2011|8|9.3
17237|DEN?ZL?|2011|9|9.1
17237|DEN?ZL?|2011|10|15.5
17237|DEN?ZL?|2011|11|13.1
17237|DEN?ZL?|2011|12|16.4
17237|DEN?ZL?|2016|1|12.8
17237|DEN?ZL?|2016|2|11.5
17237|DEN?ZL?|2016|3|12.6
17237|DEN?ZL?|2016|4|9.3
17237|DEN?ZL?|2016|5|10.0
17237|DEN?ZL?|2016|6|7.8
17237|DEN?ZL?|2016|7|6.5
17237|DEN?ZL?|2016|8|6.2
17237|DEN?ZL?|2016|9|7.5
17237|DEN?ZL?|2016|10|7.0
17237|DEN?ZL?|2016|11|7.1
17237|DEN?ZL?|2016|12|11.5
17237|DEN?ZL?|2017|1|16.5
17237|DEN?ZL?|2017|2|12.0
17237|DEN?ZL?|2017|3|13.2
17237|DEN?ZL?|2017|4|12.2
17237|DEN?ZL?|2017|5|11.8
17237|DEN?ZL?|2017|6|9.1
17237|DEN?ZL?|2017|7|6.4
17237|DEN?ZL?|2017|8|7.4
17237|DEN?ZL?|2017|9|7.2
17237|DEN?ZL?|2017|10|10.0
17237|DEN?ZL?|2017|11|14.4
17237|DEN?ZL?|2017|12|16.5
17237|DEN?ZL?|2018|1|18.4
17237|DEN?ZL?|2018|2|17.1
17237|DEN?ZL?|2018|3|17.1
17237|DEN?ZL?|2018|4|13.3
17237|DEN?ZL?|2018|5|10.7
17237|DEN?ZL?|2018|6|15.5
17237|DEN?ZL?|2018|7|10.2
17237|DEN?ZL?|2018|8|9.7
17237|DEN?ZL?|2018|9|8.0
17237|DEN?ZL?|2018|10|9.4
17237|DEN?ZL?|2018|11|12.1
17237|DEN?ZL?|2018|12|18.6
17237|DEN?ZL?|2019|1|18.7
17237|DEN?ZL?|2019|2|16.8
17237|DEN?ZL?|2019|3|12.5
17237|DEN?ZL?|2019|4|12.4
17237|DEN?ZL?|2019|5|10.4
17237|DEN?ZL?|2019|6|10.2
17237|DEN?ZL?|2019|7|9.1
17237|DEN?ZL?|2019|8|7.4
17237|DEN?ZL?|2019|9|8.4
17237|DEN?ZL?|2019|10|8.4
17237|DEN?ZL?|2019|11|8.3
17237|DEN?ZL?|2019|12|13.9
17237|DEN?ZL?|2020|1|16.0
17237|DEN?ZL?|2020|2|16.6
17237|DEN?ZL?|2020|3|15.6
17237|DEN?ZL?|2020|4|14.7
17237|DEN?ZL?|2020|5|13.2
17237|DEN?ZL?|2020|7|7.5
17237|DEN?ZL?|2020|9|8.6
17237|DEN?ZL?|2020|10|9.9
17237|DEN?ZL?|2020|11|10.5
17237|DEN?ZL?|2020|12|11.7
17237|DEN?ZL?|2021|1|16.0
17237|DEN?ZL?|2021|2|15.2
17237|DEN?ZL?|2021|3|14.5
17237|DEN?ZL?|2021|4|11.9
17237|DEN?ZL?|2021|5|8.7
17237|DEN?ZL?|2021|6|7.8
17296|FETH?YE|2008|7|33.1
17296|FETH?YE|2008|8|26.2
17296|FETH?YE|2008|9|25.9
17296|FETH?YE|2008|10|35.5
17296|FETH?YE|2008|12|47.0
17296|FETH?YE|2009|8|31.3
17296|FETH?YE|2009|10|43.8
17296|FETH?YE|2010|5|45.7
17296|FETH?YE|2010|6|35.1
17296|FETH?YE|2010|7|22.9
17296|FETH?YE|2010|8|20.4
17296|FETH?YE|2010|9|19.5
17296|FETH?YE|2010|10|24.5
17296|FETH?YE|2010|11|47.5
17296|FETH?YE|2011|7|26.3
17296|FETH?YE|2011|8|21.9
17296|FETH?YE|2011|9|27.6
17296|FETH?YE|2011|11|47.6
17296|FETH?YE|2016|1|43.0
17296|FETH?YE|2016|2|43.3
17296|FETH?YE|2016|3|45.1
17296|FETH?YE|2016|4|39.9
17296|FETH?YE|2016|5|39.0
17296|FETH?YE|2016|6|38.0
17296|FETH?YE|2016|7|33.5
17296|FETH?YE|2016|8|30.0
17296|FETH?YE|2016|9|25.8
17296|FETH?YE|2016|10|22.5
17296|FETH?YE|2016|11|36.6
17296|FETH?YE|2016|12|42.8
17296|FETH?YE|2017|1|43.9
17296|FETH?YE|2017|2|50.1
17296|FETH?YE|2017|3|52.7
17296|FETH?YE|2017|4|52.4
17296|FETH?YE|2017|5|45.8
17296|FETH?YE|2017|6|44.7
17296|FETH?YE|2017|7|35.8
17296|FETH?YE|2017|8|24.2
17296|FETH?YE|2017|9|15.6
17296|FETH?YE|2017|10|15.8
17296|FETH?YE|2017|11|39.4
17296|FETH?YE|2017|12|41.1
17296|FETH?YE|2018|1|41.4
17296|FETH?YE|2018|2|51.7
17296|FETH?YE|2018|3|48.8
17296|FETH?YE|2018|4|34.9
17296|FETH?YE|2018|5|34.3
17296|FETH?YE|2018|6|28.1
17296|FETH?YE|2018|7|21.3
17296|FETH?YE|2018|8|16.8
17296|FETH?YE|2018|9|15.3
17296|FETH?YE|2018|10|36.3
17296|FETH?YE|2018|11|37.3
17296|FETH?YE|2018|12|42.8
17296|FETH?YE|2019|1|43.3
17296|FETH?YE|2019|2|41.4
17296|FETH?YE|2019|3|39.3
17296|FETH?YE|2019|4|40.8
17296|FETH?YE|2019|5|36.7
17296|FETH?YE|2019|6|32.7
17296|FETH?YE|2019|7|25.4
17296|FETH?YE|2019|8|18.5
17296|FETH?YE|2019|9|23.5
17296|FETH?YE|2019|10|33.8
17296|FETH?YE|2019|11|37.5
17296|FETH?YE|2019|12|41.3
17296|FETH?YE|2020|1|39.2
17296|FETH?YE|2020|2|40.9
17296|FETH?YE|2020|3|38.6
17296|FETH?YE|2020|4|37.5
17296|FETH?YE|2020|5|38.4
17296|FETH?YE|2020|7|29.6
17296|FETH?YE|2020|9|20.0
17296|FETH?YE|2020|10|32.2
17296|FETH?YE|2020|11|38.0
17296|FETH?YE|2020|12|39.9
17296|FETH?YE|2021|1|40.8
17296|FETH?YE|2021|2|38.1
17296|FETH?YE|2021|3|37.9
17296|FETH?YE|2021|4|31.8
17296|FETH?YE|2021|5|24.8
17296|FETH?YE|2021|6|15.0
17298|MARMAR?S|2007|12|25.7
17298|MARMAR?S|2008|1|24.2
17298|MARMAR?S|2008|2|24.2
17298|MARMAR?S|2008|3|23.8
17298|MARMAR?S|2008|4|22.4
17298|MARMAR?S|2008|5|17.0
17298|MARMAR?S|2008|6|18.7
17298|MARMAR?S|2008|7|18.8
17298|MARMAR?S|2008|8|20.9
17298|MARMAR?S|2008|9|23.9
17298|MARMAR?S|2008|10|24.4
17298|MARMAR?S|2008|11|22.5
17298|MARMAR?S|2008|12|24.3
17298|MARMAR?S|2009|1|25.9
17298|MARMAR?S|2009|2|28.0
17298|MARMAR?S|2009|3|24.8
17298|MARMAR?S|2009|4|24.1
17298|MARMAR?S|2009|5|18.8
17298|MARMAR?S|2009|8|14.3
17298|MARMAR?S|2009|9|11.1
17298|MARMAR?S|2009|10|8.8
17298|MARMAR?S|2009|11|14.4
17298|MARMAR?S|2010|3|12.0
17298|MARMAR?S|2010|4|6.8
17298|MARMAR?S|2010|5|5.5
17298|MARMAR?S|2010|6|7.1
17298|MARMAR?S|2010|7|5.6
17298|MARMAR?S|2010|8|5.0
17298|MARMAR?S|2010|9|5.0
17298|MARMAR?S|2010|10|10.0
17298|MARMAR?S|2010|11|10.7
17298|MARMAR?S|2010|12|14.5
17298|MARMAR?S|2011|1|17.9
17298|MARMAR?S|2011|2|17.6
17298|MARMAR?S|2011|3|14.2
17298|MARMAR?S|2011|4|14.6
17298|MARMAR?S|2011|5|10.8
17298|MARMAR?S|2011|6|9.9
17298|MARMAR?S|2011|7|7.2
17298|MARMAR?S|2011|8|6.6
17298|MARMAR?S|2011|9|9.1
17298|MARMAR?S|2011|10|13.5
17298|MARMAR?S|2011|11|10.8
17298|MARMAR?S|2011|12|15.6
17298|MARMAR?S|2016|1|25.5
17298|MARMAR?S|2016|2|24.7
17298|MARMAR?S|2016|3|25.1
17298|MARMAR?S|2016|4|19.4
17298|MARMAR?S|2016|5|21.8
17298|MARMAR?S|2016|6|19.9
17298|MARMAR?S|2016|7|18.9
17298|MARMAR?S|2016|8|18.3
17298|MARMAR?S|2016|9|13.5
17298|MARMAR?S|2016|10|12.3
17298|MARMAR?S|2016|11|16.2
17298|MARMAR?S|2016|12|19.1
17298|MARMAR?S|2017|1|22.8
17298|MARMAR?S|2017|2|21.8
17298|MARMAR?S|2017|3|23.0
17298|MARMAR?S|2017|4|18.9
17298|MARMAR?S|2017|5|14.2
17298|MARMAR?S|2017|6|14.0
17298|MARMAR?S|2017|7|17.9
17298|MARMAR?S|2017|8|24.2
17298|MARMAR?S|2017|9|18.9
17298|MARMAR?S|2017|10|21.0
17298|MARMAR?S|2017|11|24.8
17298|MARMAR?S|2017|12|25.0
17298|MARMAR?S|2018|1|25.9
17298|MARMAR?S|2018|2|25.1
17298|MARMAR?S|2018|3|26.6
17298|MARMAR?S|2018|4|20.9
17298|MARMAR?S|2018|5|23.6
17298|MARMAR?S|2018|6|22.8
17298|MARMAR?S|2018|7|16.4
17298|MARMAR?S|2018|8|15.3
17298|MARMAR?S|2018|9|14.0
17298|MARMAR?S|2018|10|23.6
17298|MARMAR?S|2018|11|23.8
17298|MARMAR?S|2018|12|26.1
17298|MARMAR?S|2019|1|28.6
17298|MARMAR?S|2019|2|27.0
17298|MARMAR?S|2019|3|24.5
17298|MARMAR?S|2019|4|25.9
17298|MARMAR?S|2019|5|19.1
17298|MARMAR?S|2019|6|16.2
17298|MARMAR?S|2019|7|19.8
17298|MARMAR?S|2019|8|11.1
17298|MARMAR?S|2019|9|7.7
17298|MARMAR?S|2019|10|18.5
17298|MARMAR?S|2019|11|23.4
17298|MARMAR?S|2019|12|23.7
17298|MARMAR?S|2020|1|21.8
17298|MARMAR?S|2020|2|24.6
17298|MARMAR?S|2020|3|19.3
17298|MARMAR?S|2020|4|18.7
17298|MARMAR?S|2020|5|14.0
17298|MARMAR?S|2020|7|8.6
17298|MARMAR?S|2020|9|7.0
17298|MARMAR?S|2020|10|8.0
17298|MARMAR?S|2020|11|11.1
17298|MARMAR?S|2020|12|18.6
17298|MARMAR?S|2021|1|20.5
17298|MARMAR?S|2021|2|18.5
17298|MARMAR?S|2021|3|16.9
17298|MARMAR?S|2021|4|13.3
17298|MARMAR?S|2021|5|10.2
17298|MARMAR?S|2021|6|9.5
17824|G?NEY|2007|12|21.6
17824|G?NEY|2008|1|17.9
17824|G?NEY|2008|2|18.0
17824|G?NEY|2008|3|19.5
17824|G?NEY|2008|4|20.0
17824|G?NEY|2008|5|14.1
17824|G?NEY|2008|7|9.6
17824|G?NEY|2008|8|8.0
17824|G?NEY|2008|10|16.2
17824|G?NEY|2008|11|16.4
17824|G?NEY|2008|12|19.7
17824|G?NEY|2009|1|21.7
17824|G?NEY|2009|2|24.6
17824|G?NEY|2009|3|24.8
17824|G?NEY|2009|4|23.0
17824|G?NEY|2009|5|19.0
17824|G?NEY|2009|8|9.0
17824|G?NEY|2009|9|16.2
17824|G?NEY|2009|10|15.6
17824|G?NEY|2009|11|21.5
17824|G?NEY|2009|12|25.0
17824|G?NEY|2010|1|25.5
17824|G?NEY|2010|2|25.7
17824|G?NEY|2010|3|24.5
17824|G?NEY|2010|4|17.2
17824|G?NEY|2010|5|15.5
17824|G?NEY|2010|6|17.5
17824|G?NEY|2010|7|12.9
17824|G?NEY|2010|8|13.3
17824|G?NEY|2010|9|10.4
17824|G?NEY|2010|10|15.6
17824|G?NEY|2010|11|16.5
17824|G?NEY|2010|12|23.0
17824|G?NEY|2011|1|22.5
17824|G?NEY|2011|2|21.8
17824|G?NEY|2011|3|23.6
17824|G?NEY|2011|4|23.4
17824|G?NEY|2011|5|20.2
17824|G?NEY|2011|6|17.6
17824|G?NEY|2011|7|12.8
17824|G?NEY|2011|8|11.1
17824|G?NEY|2011|9|12.4
17824|G?NEY|2011|10|18.3
17824|G?NEY|2011|11|14.2
17824|G?NEY|2011|12|20.0
17824|G?NEY|2016|1|11.5
17824|G?NEY|2016|2|9.1
17824|G?NEY|2016|3|11.9
17824|G?NEY|2016|4|10.2
17824|G?NEY|2016|5|12.4
17824|G?NEY|2016|6|7.8
17824|G?NEY|2016|7|5.5
17824|G?NEY|2016|8|7.0
17824|G?NEY|2016|9|7.7
17824|G?NEY|2016|10|7.7
17824|G?NEY|2016|11|7.9
17824|G?NEY|2016|12|9.9
17824|G?NEY|2017|1|11.1
17824|G?NEY|2017|2|8.7
17824|G?NEY|2017|3|10.8
17824|G?NEY|2017|4|10.5
17824|G?NEY|2017|5|9.9
17824|G?NEY|2017|6|11.3
17824|G?NEY|2017|7|6.4
17824|G?NEY|2017|8|12.2
17824|G?NEY|2017|9|8.9
17824|G?NEY|2017|10|10.9
17824|G?NEY|2017|11|16.8
17824|G?NEY|2017|12|19.4
17824|G?NEY|2018|1|21.1
17824|G?NEY|2018|2|19.5
17824|G?NEY|2018|3|20.3
17824|G?NEY|2018|4|12.9
17824|G?NEY|2018|5|14.6
17824|G?NEY|2018|6|19.8
17824|G?NEY|2018|7|14.4
17824|G?NEY|2018|8|16.1
17824|G?NEY|2018|9|12.2
17824|G?NEY|2018|10|11.6
17824|G?NEY|2018|11|15.0
17824|G?NEY|2018|12|23.2
17824|G?NEY|2019|1|23.1
17824|G?NEY|2019|2|19.6
17824|G?NEY|2019|3|13.6
17824|G?NEY|2019|4|14.1
17824|G?NEY|2019|5|11.9
17824|G?NEY|2019|6|14.6
17824|G?NEY|2019|7|10.2
17824|G?NEY|2019|8|10.0
17824|G?NEY|2019|9|12.3
17824|G?NEY|2019|10|8.8
17824|G?NEY|2019|11|8.3
17824|G?NEY|2019|12|14.7
17824|G?NEY|2020|1|17.4
17824|G?NEY|2020|2|20.8
17824|G?NEY|2020|3|18.8
17824|G?NEY|2020|4|16.7
17824|G?NEY|2020|5|11.6
17824|G?NEY|2020|7|9.5
17824|G?NEY|2020|9|8.8
17824|G?NEY|2020|10|10.9
17824|G?NEY|2020|11|10.3
17824|G?NEY|2021|1|16.7
17824|G?NEY|2021|2|17.3
17824|G?NEY|2021|3|16.3
17824|G?NEY|2021|4|14.7
17824|G?NEY|2021|5|8.6
17824|G?NEY|2021|6|8.3
17860|NAZ?LL?|2007|12|19.7
17860|NAZ?LL?|2008|1|17.2
17860|NAZ?LL?|2008|2|16.7
17860|NAZ?LL?|2008|3|17.6
17860|NAZ?LL?|2008|4|17.7
17860|NAZ?LL?|2008|5|14.0
17860|NAZ?LL?|2008|7|7.3
17860|NAZ?LL?|2008|8|6.0
17860|NAZ?LL?|2008|9|5.4
17860|NAZ?LL?|2008|10|7.8
17860|NAZ?LL?|2008|11|10.2
17860|NAZ?LL?|2008|12|15.3
17860|NAZ?LL?|2009|1|20.8
17860|NAZ?LL?|2009|2|20.9
17860|NAZ?LL?|2009|3|19.9
17860|NAZ?LL?|2009|4|19.8
17860|NAZ?LL?|2009|5|15.3
17860|NAZ?LL?|2009|8|9.9
17860|NAZ?LL?|2009|9|12.0
17860|NAZ?LL?|2009|10|15.2
17860|NAZ?LL?|2009|11|19.3
17860|NAZ?LL?|2009|12|21.1
17860|NAZ?LL?|2010|1|21.2
17860|NAZ?LL?|2010|2|21.3
17860|NAZ?LL?|2010|3|19.3
17860|NAZ?LL?|2010|4|16.7
17860|NAZ?LL?|2010|5|16.8
17860|NAZ?LL?|2010|6|16.1
17860|NAZ?LL?|2010|7|12.9
17860|NAZ?LL?|2010|8|10.7
17860|NAZ?LL?|2010|9|9.0
17860|NAZ?LL?|2010|10|16.3
17860|NAZ?LL?|2010|11|20.2
17860|NAZ?LL?|2010|12|21.8
17860|NAZ?LL?|2011|1|21.1
17860|NAZ?LL?|2011|2|20.2
17860|NAZ?LL?|2011|3|18.7
17860|NAZ?LL?|2011|4|17.3
17860|NAZ?LL?|2011|5|15.4
17860|NAZ?LL?|2011|6|13.0
17860|NAZ?LL?|2011|7|9.4
17860|NAZ?LL?|2011|8|7.2
17860|NAZ?LL?|2011|9|6.4
17860|NAZ?LL?|2011|10|13.8
17860|NAZ?LL?|2011|11|11.7
17860|NAZ?LL?|2011|12|16.2
17860|NAZ?LL?|2016|1|16.3
17860|NAZ?LL?|2016|2|15.4
17860|NAZ?LL?|2016|3|17.0
17860|NAZ?LL?|2016|4|13.3
17860|NAZ?LL?|2016|5|10.6
17860|NAZ?LL?|2016|6|6.5
17860|NAZ?LL?|2016|7|5.5
17860|NAZ?LL?|2016|8|6.2
17860|NAZ?LL?|2016|9|5.7
17860|NAZ?LL?|2016|10|5.0
17860|NAZ?LL?|2016|11|5.5
17860|NAZ?LL?|2016|12|11.5
17860|NAZ?LL?|2017|2|17.2
17860|NAZ?LL?|2017|3|17.2
17860|NAZ?LL?|2017|4|15.4
17860|NAZ?LL?|2017|5|15.1
17860|NAZ?LL?|2017|6|12.2
17860|NAZ?LL?|2017|7|6.6
17860|NAZ?LL?|2017|8|5.5
17860|NAZ?LL?|2017|9|4.3
17860|NAZ?LL?|2017|10|6.5
17860|NAZ?LL?|2017|11|14.9
17860|NAZ?LL?|2017|12|17.6
17860|NAZ?LL?|2018|1|18.7
17860|NAZ?LL?|2018|2|18.4
17860|NAZ?LL?|2018|3|19.5
17860|NAZ?LL?|2018|4|14.0
17860|NAZ?LL?|2018|5|11.9
17860|NAZ?LL?|2018|6|9.1
17860|NAZ?LL?|2018|7|5.7
17860|NAZ?LL?|2018|8|8.4
17860|NAZ?LL?|2018|9|6.6
17860|NAZ?LL?|2018|10|7.9
17860|NAZ?LL?|2018|11|11.3
17860|NAZ?LL?|2018|12|17.5
17860|NAZ?LL?|2019|1|19.7
17860|NAZ?LL?|2019|2|18.6
17860|NAZ?LL?|2019|3|15.7
17860|NAZ?LL?|2019|4|16.3
17860|NAZ?LL?|2019|5|13.4
17860|NAZ?LL?|2019|6|11.1
17860|NAZ?LL?|2019|7|18.3
17860|NAZ?LL?|2019|8|13.2
17860|NAZ?LL?|2019|9|10.5
17860|NAZ?LL?|2019|10|18.1
17860|NAZ?LL?|2019|11|19.6
17860|NAZ?LL?|2019|12|22.3
17860|NAZ?LL?|2020|1|20.5
17860|NAZ?LL?|2020|2|22.0
17860|NAZ?LL?|2020|3|21.2
17860|NAZ?LL?|2020|4|19.5
17860|NAZ?LL?|2020|5|13.5
17860|NAZ?LL?|2020|7|8.0
17860|NAZ?LL?|2020|9|5.8
17860|NAZ?LL?|2020|10|5.9
17860|NAZ?LL?|2020|11|8.8
17860|NAZ?LL?|2020|12|14.1
17860|NAZ?LL?|2021|1|19.4
17860|NAZ?LL?|2021|2|19.9
17860|NAZ?LL?|2021|3|20.0
17860|NAZ?LL?|2021|4|17.1
17860|NAZ?LL?|2021|5|9.8
17860|NAZ?LL?|2021|6|7.1
17862|D?NAR|2007|12|25.2
17862|D?NAR|2008|1|21.4
17862|D?NAR|2008|2|22.2
17862|D?NAR|2008|3|23.6
17862|D?NAR|2008|4|24.4
17862|D?NAR|2008|5|20.0
17862|D?NAR|2008|7|9.9
17862|D?NAR|2008|8|8.7
17862|D?NAR|2008|9|10.6
17862|D?NAR|2008|10|20.0
17862|D?NAR|2008|11|22.3
17862|D?NAR|2008|12|22.7
17862|D?NAR|2009|1|23.8
17862|D?NAR|2009|2|25.6
17862|D?NAR|2009|3|19.2
17862|D?NAR|2009|4|22.7
17862|D?NAR|2009|5|24.7
17862|D?NAR|2009|8|15.4
17862|D?NAR|2009|9|19.1
17862|D?NAR|2009|10|13.7
17862|D?NAR|2009|11|19.4
17862|D?NAR|2009|12|18.5
17862|D?NAR|2010|1|16.0
17862|D?NAR|2010|2|15.8
17862|D?NAR|2010|3|16.2
17862|D?NAR|2010|4|17.5
17862|D?NAR|2010|5|14.9
17862|D?NAR|2010|6|24.3
17862|D?NAR|2010|7|20.4
17862|D?NAR|2010|8|13.7
17862|D?NAR|2010|9|10.1
17862|D?NAR|2010|10|12.7
17862|D?NAR|2010|11|17.1
17862|D?NAR|2010|12|17.8
17862|D?NAR|2011|1|13.2
17862|D?NAR|2011|2|15.0
17862|D?NAR|2011|3|15.9
17862|D?NAR|2011|4|16.5
17862|D?NAR|2011|5|19.7
17862|D?NAR|2011|6|21.9
17862|D?NAR|2011|7|15.7
17862|D?NAR|2011|8|12.1
17862|D?NAR|2011|9|10.2
17862|D?NAR|2011|10|17.9
17862|D?NAR|2011|11|16.2
17862|D?NAR|2011|12|16.4
17862|D?NAR|2016|1|28.8
17862|D?NAR|2016|2|29.0
17862|D?NAR|2016|3|32.5
17862|D?NAR|2016|4|31.0
17862|D?NAR|2016|5|39.0
17862|D?NAR|2016|6|32.6
17862|D?NAR|2016|7|27.1
17862|D?NAR|2016|8|28.1
17862|D?NAR|2016|9|28.8
17862|D?NAR|2016|10|22.0
17862|D?NAR|2016|11|19.8
17862|D?NAR|2016|12|26.1
17862|D?NAR|2017|1|33.4
17862|D?NAR|2017|2|35.6
17862|D?NAR|2017|3|39.4
17862|D?NAR|2017|4|35.8
17862|D?NAR|2017|5|38.9
17862|D?NAR|2017|6|43.6
17862|D?NAR|2017|7|28.7
17862|D?NAR|2017|8|25.6
17862|D?NAR|2017|9|22.1
17862|D?NAR|2017|10|32.3
17862|D?NAR|2017|11|35.2
17862|D?NAR|2017|12|37.8
17862|D?NAR|2018|1|39.1
17862|D?NAR|2018|2|38.2
17862|D?NAR|2018|3|39.7
17862|D?NAR|2018|4|38.4
17862|D?NAR|2018|5|37.4
17862|D?NAR|2018|6|41.6
17862|D?NAR|2018|7|26.9
17862|D?NAR|2018|8|29.8
17862|D?NAR|2018|9|21.4
17862|D?NAR|2018|10|37.0
17862|D?NAR|2018|11|37.8
17862|D?NAR|2018|12|43.6
17862|D?NAR|2019|1|42.2
17862|D?NAR|2019|2|40.5
17862|D?NAR|2019|3|35.1
17862|D?NAR|2019|4|36.4
17862|D?NAR|2019|5|36.7
17862|D?NAR|2019|6|31.8
17862|D?NAR|2019|7|24.4
17862|D?NAR|2019|8|20.6
17862|D?NAR|2019|9|18.6
17862|D?NAR|2019|10|17.3
17862|D?NAR|2019|11|15.7
17862|D?NAR|2019|12|29.6
17862|D?NAR|2020|1|35.1
17862|D?NAR|2020|2|38.8
17862|D?NAR|2020|3|40.5
17862|D?NAR|2020|4|35.3
17862|D?NAR|2020|5|37.1
17862|D?NAR|2020|7|22.4
17862|D?NAR|2020|9|8.2
17862|D?NAR|2020|10|18.7
17862|D?NAR|2020|11|22.6
17862|D?NAR|2020|12|17.1
17862|D?NAR|2021|1|27.5
17862|D?NAR|2021|2|24.5
17862|D?NAR|2021|3|21.7
17862|D?NAR|2021|4|17.7
17862|D?NAR|2021|5|12.2
17862|D?NAR|2021|6|25.1
17884|M?LAS|2007|12|42.9
17884|M?LAS|2008|1|35.9
17884|M?LAS|2008|2|34.5
17884|M?LAS|2008|3|37.9
17884|M?LAS|2008|4|39.4
17884|M?LAS|2008|5|37.1
17884|M?LAS|2008|7|29.5
17884|M?LAS|2008|8|24.4
17884|M?LAS|2008|9|23.9
17884|M?LAS|2008|10|31.6
17884|M?LAS|2008|11|31.4
17884|M?LAS|2008|12|36.1
17884|M?LAS|2009|1|41.8
17884|M?LAS|2009|2|45.0
17884|M?LAS|2009|3|41.0
17884|M?LAS|2009|4|41.0
17884|M?LAS|2009|5|37.8
17884|M?LAS|2009|8|23.2
17884|M?LAS|2009|9|22.6
17884|M?LAS|2009|10|22.1
17884|M?LAS|2009|11|38.0
17884|M?LAS|2009|12|43.7
17884|M?LAS|2010|1|43.1
17884|M?LAS|2010|2|45.9
17884|M?LAS|2010|3|38.7
17884|M?LAS|2010|4|33.1
17884|M?LAS|2010|5|27.1
17884|M?LAS|2010|6|28.0
17884|M?LAS|2010|7|25.4
17884|M?LAS|2010|8|21.5
17884|M?LAS|2010|9|18.5
17884|M?LAS|2010|10|24.6
17884|M?LAS|2010|11|35.0
17884|M?LAS|2010|12|37.7
17884|M?LAS|2011|1|39.3
17884|M?LAS|2011|2|40.9
17884|M?LAS|2011|3|36.4
17884|M?LAS|2011|4|37.3
17884|M?LAS|2011|5|36.0
17884|M?LAS|2011|6|35.7
17884|M?LAS|2011|7|28.3
17884|M?LAS|2011|8|22.0
17884|M?LAS|2011|9|18.4
17884|M?LAS|2011|10|34.6
17884|M?LAS|2011|11|30.3
17884|M?LAS|2011|12|35.5
17884|M?LAS|2016|1|41.6
17884|M?LAS|2016|2|39.9
17884|M?LAS|2016|3|57.9
17884|M?LAS|2016|4|43.8
17884|M?LAS|2016|5|32.8
17884|M?LAS|2016|6|28.1
17884|M?LAS|2016|7|22.3
17884|M?LAS|2016|8|18.9
17884|M?LAS|2016|9|17.3
17884|M?LAS|2016|10|16.4
17884|M?LAS|2016|11|18.3
17884|M?LAS|2016|12|28.0
17884|M?LAS|2017|1|40.1
17884|M?LAS|2017|2|37.6
17884|M?LAS|2017|3|43.7
17884|M?LAS|2017|4|56.7
17884|M?LAS|2017|5|29.1
17884|M?LAS|2017|6|24.4
17884|M?LAS|2017|7|19.4
17884|M?LAS|2017|8|17.8
17884|M?LAS|2017|9|16.1
17884|M?LAS|2017|10|21.4
17884|M?LAS|2017|11|44.5
17884|M?LAS|2017|12|45.0
17884|M?LAS|2018|1|54.0
17884|M?LAS|2018|4|26.8
17884|M?LAS|2018|5|27.4
17884|M?LAS|2018|6|24.7
17884|M?LAS|2018|7|29.3
17884|M?LAS|2018|8|38.6
17884|M?LAS|2018|9|49.1
17884|M?LAS|2018|10|47.8
17884|M?LAS|2018|11|44.3
17884|M?LAS|2018|12|50.0
17884|M?LAS|2019|1|45.6
17884|M?LAS|2019|2|30.2
17884|M?LAS|2019|3|20.8
17884|M?LAS|2019|4|1.5
17884|M?LAS|2019|5|0.0
17884|M?LAS|2019|6|9.4
17884|M?LAS|2019|7|11.9
17884|M?LAS|2019|8|4.9
17884|M?LAS|2019|9|10.9
17884|M?LAS|2019|10|30.7
17884|M?LAS|2019|11|32.3
17884|M?LAS|2019|12|38.6
17884|M?LAS|2020|1|37.5
17884|M?LAS|2020|2|39.0
17884|M?LAS|2020|3|34.7
17884|M?LAS|2020|4|23.4
17884|M?LAS|2020|5|11.3
17884|M?LAS|2020|7|2.4
17884|M?LAS|2020|9|1.3
17884|M?LAS|2020|10|11.0
17884|M?LAS|2020|11|14.2
17884|M?LAS|2021|1|34.8
17884|M?LAS|2021|2|31.7
17884|M?LAS|2021|3|26.7
17884|M?LAS|2021|4|22.0
17884|M?LAS|2021|5|13.3
17884|M?LAS|2021|6|10.1
17886|YATA?AN|2007|12|19.7
17886|YATA?AN|2008|1|17.4
17886|YATA?AN|2008|2|16.7
17886|YATA?AN|2008|3|16.7
17886|YATA?AN|2008|4|17.0
17886|YATA?AN|2008|5|12.5
17886|YATA?AN|2008|7|7.4
17886|YATA?AN|2008|8|7.0
17886|YATA?AN|2008|9|8.0
17886|YATA?AN|2008|10|13.1
17886|YATA?AN|2008|11|15.2
17886|YATA?AN|2008|12|17.1
17886|YATA?AN|2009|1|19.1
17886|YATA?AN|2009|2|20.3
17886|YATA?AN|2009|3|19.3
17886|YATA?AN|2009|4|19.8
17886|YATA?AN|2009|5|19.4
17886|YATA?AN|2009|8|6.8
17886|YATA?AN|2009|9|14.1
17886|YATA?AN|2009|10|13.1
17886|YATA?AN|2009|11|18.8
17886|YATA?AN|2009|12|21.8
17886|YATA?AN|2010|1|19.3
17886|YATA?AN|2010|2|19.7
17886|YATA?AN|2010|3|15.9
17886|YATA?AN|2010|4|13.4
17886|YATA?AN|2010|5|15.8
17886|YATA?AN|2010|6|14.0
17886|YATA?AN|2010|7|11.3
17886|YATA?AN|2010|8|8.5
17886|YATA?AN|2010|9|7.8
17886|YATA?AN|2010|10|12.6
17886|YATA?AN|2010|11|17.1
17886|YATA?AN|2010|12|19.5
17886|YATA?AN|2011|1|21.3
17886|YATA?AN|2011|2|22.3
17886|YATA?AN|2011|3|20.4
17886|YATA?AN|2011|4|20.9
17886|YATA?AN|2011|5|15.7
17886|YATA?AN|2011|6|15.8
17886|YATA?AN|2011|7|10.0
17886|YATA?AN|2011|8|11.4
17886|YATA?AN|2011|9|11.0
17886|YATA?AN|2011|10|18.3
17886|YATA?AN|2011|11|15.3
17886|YATA?AN|2011|12|19.8
17886|YATA?AN|2016|1|22.6
17886|YATA?AN|2016|2|19.7
17886|YATA?AN|2016|3|23.4
17886|YATA?AN|2016|4|20.6
17886|YATA?AN|2016|5|22.6
17886|YATA?AN|2016|6|14.3
17886|YATA?AN|2016|7|9.6
17886|YATA?AN|2016|8|17.1
17886|YATA?AN|2016|9|18.4
17886|YATA?AN|2016|10|14.2
17886|YATA?AN|2016|11|16.4
17886|YATA?AN|2016|12|18.4
17886|YATA?AN|2017|1|24.2
17886|YATA?AN|2017|2|22.3
17886|YATA?AN|2017|3|25.5
17886|YATA?AN|2017|4|23.9
17886|YATA?AN|2017|5|26.0
17886|YATA?AN|2017|6|22.4
17886|YATA?AN|2017|7|11.8
17886|YATA?AN|2017|8|13.6
17886|YATA?AN|2017|9|10.0
17886|YATA?AN|2017|10|12.6
17886|YATA?AN|2017|11|25.9
17886|YATA?AN|2017|12|28.0
17886|YATA?AN|2018|1|29.2
17886|YATA?AN|2018|2|28.8
17886|YATA?AN|2018|3|27.5
17886|YATA?AN|2018|4|23.0
17886|YATA?AN|2018|5|28.0
17886|YATA?AN|2018|6|24.7
17886|YATA?AN|2018|7|15.7
17886|YATA?AN|2018|8|16.9
17886|YATA?AN|2018|9|20.5
17886|YATA?AN|2018|10|19.5
17886|YATA?AN|2018|11|24.7
17886|YATA?AN|2018|12|29.4
17886|YATA?AN|2019|1|35.2
17886|YATA?AN|2019|2|32.4
17886|YATA?AN|2019|3|28.3
17886|YATA?AN|2019|4|27.7
17886|YATA?AN|2019|5|21.1
17886|YATA?AN|2019|6|22.3
17886|YATA?AN|2019|7|17.8
17886|YATA?AN|2019|8|29.1
17886|YATA?AN|2019|9|21.6
17886|YATA?AN|2019|10|26.2
17886|YATA?AN|2019|11|27.8
17886|YATA?AN|2019|12|32.1
17886|YATA?AN|2020|1|30.2
17886|YATA?AN|2020|2|32.7
17886|YATA?AN|2020|3|33.6
17886|YATA?AN|2020|4|29.6
17886|YATA?AN|2020|5|24.1
17886|YATA?AN|2020|7|23.3
17886|YATA?AN|2020|9|12.7
17886|YATA?AN|2020|10|14.6
17886|YATA?AN|2020|11|24.0
17886|YATA?AN|2021|1|33.1
17886|YATA?AN|2021|2|32.2
17886|YATA?AN|2021|3|31.7
17886|YATA?AN|2021|4|31.4
17886|YATA?AN|2021|5|28.1
17886|YATA?AN|2021|6|27.8
17924|K?YCE??Z|2007|12|23.6
17924|K?YCE??Z|2008|1|22.7
17924|K?YCE??Z|2008|2|22.4
17924|K?YCE??Z|2008|3|22.7
17924|K?YCE??Z|2008|4|21.7
17924|K?YCE??Z|2008|5|17.4
17924|K?YCE??Z|2008|7|11.6
17924|K?YCE??Z|2008|8|10.4
17924|K?YCE??Z|2008|9|13.9
17924|K?YCE??Z|2008|10|21.5
17924|K?YCE??Z|2009|1|24.8
17924|K?YCE??Z|2009|2|25.6
17924|K?YCE??Z|2009|3|24.1
17924|K?YCE??Z|2009|4|21.7
17924|K?YCE??Z|2009|5|20.1
17924|K?YCE??Z|2009|8|10.2
17924|K?YCE??Z|2009|9|13.1
17924|K?YCE??Z|2009|10|18.2
17924|K?YCE??Z|2009|11|23.2
17924|K?YCE??Z|2009|12|24.9
17924|K?YCE??Z|2010|1|25.2
17924|K?YCE??Z|2010|2|23.9
17924|K?YCE??Z|2010|3|16.9
17924|K?YCE??Z|2010|4|13.7
17924|K?YCE??Z|2010|5|12.5
17924|K?YCE??Z|2010|6|12.0
17924|K?YCE??Z|2010|7|8.8
17924|K?YCE??Z|2010|8|8.0
17924|K?YCE??Z|2010|9|8.8
17924|K?YCE??Z|2010|10|13.1
17924|K?YCE??Z|2010|11|16.4
17924|K?YCE??Z|2010|12|19.8
17924|K?YCE??Z|2011|1|20.4
17924|K?YCE??Z|2011|2|20.6
17924|K?YCE??Z|2011|3|17.9
17924|K?YCE??Z|2011|4|19.3
17924|K?YCE??Z|2011|5|14.9
17924|K?YCE??Z|2011|6|11.1
17924|K?YCE??Z|2011|7|8.3
17924|K?YCE??Z|2011|8|7.5
17924|K?YCE??Z|2011|9|8.4
17924|K?YCE??Z|2011|10|15.9
17924|K?YCE??Z|2011|11|14.5
17924|K?YCE??Z|2011|12|18.9
17924|K?YCE??Z|2016|1|20.9
17924|K?YCE??Z|2016|2|19.3
17924|K?YCE??Z|2016|3|20.8
17924|K?YCE??Z|2016|4|14.4
17924|K?YCE??Z|2016|5|17.1
17924|K?YCE??Z|2016|6|11.3
17924|K?YCE??Z|2016|7|9.3
17924|K?YCE??Z|2016|8|9.0
17924|K?YCE??Z|2016|9|10.7
17924|K?YCE??Z|2016|10|9.3
17924|K?YCE??Z|2016|11|10.8
17924|K?YCE??Z|2016|12|19.2
17924|K?YCE??Z|2017|1|22.3
17924|K?YCE??Z|2017|2|22.0
17924|K?YCE??Z|2017|3|22.7
17924|K?YCE??Z|2017|4|19.2
17924|K?YCE??Z|2017|5|12.7
17924|K?YCE??Z|2017|6|12.8
17924|K?YCE??Z|2017|7|10.9
17924|K?YCE??Z|2017|8|10.3
17924|K?YCE??Z|2017|9|9.5
17924|K?YCE??Z|2017|10|15.0
17924|K?YCE??Z|2017|11|25.1
17924|K?YCE??Z|2017|12|26.6
17924|K?YCE??Z|2018|1|28.3
17924|K?YCE??Z|2018|2|25.6
17924|K?YCE??Z|2018|3|26.1
17924|K?YCE??Z|2018|4|19.1
17924|K?YCE??Z|2018|5|17.7
17924|K?YCE??Z|2018|6|18.0
17924|K?YCE??Z|2018|7|13.6
17924|K?YCE??Z|2018|8|12.2
17924|K?YCE??Z|2018|9|11.5
17924|K?YCE??Z|2018|10|22.1
17924|K?YCE??Z|2018|11|22.5
17924|K?YCE??Z|2018|12|27.5
17924|K?YCE??Z|2019|1|29.9
17924|K?YCE??Z|2019|2|27.4
17924|K?YCE??Z|2019|3|24.2
17924|K?YCE??Z|2019|4|24.1
17924|K?YCE??Z|2019|5|15.3
17924|K?YCE??Z|2019|6|11.4
17924|K?YCE??Z|2019|7|14.3
17924|K?YCE??Z|2019|8|14.1
17924|K?YCE??Z|2019|9|13.4
17924|K?YCE??Z|2019|10|20.3
17924|K?YCE??Z|2019|11|24.6
17924|K?YCE??Z|2019|12|26.8
17924|K?YCE??Z|2020|1|25.7
17924|K?YCE??Z|2020|2|27.3
17924|K?YCE??Z|2020|3|23.2
17924|K?YCE??Z|2020|4|19.5
17924|K?YCE??Z|2020|5|20.1
17924|K?YCE??Z|2020|7|15.1
17924|K?YCE??Z|2020|9|11.1
17924|K?YCE??Z|2020|10|14.4
17924|K?YCE??Z|2020|11|20.3
17924|K?YCE??Z|2021|1|29.0
17924|K?YCE??Z|2021|2|25.8
17924|K?YCE??Z|2021|3|22.9
17924|K?YCE??Z|2021|4|20.9
17924|K?YCE??Z|2021|5|15.1
17924|K?YCE??Z|2021|6|15.1
