Istasyon_No|Istasyon_Adi|YIL|AY|TOPLAM_ACIK_YUZEY_BUHARLASMASI_mm
17186|MAN?SA|2012|12|0.5
17186|MAN?SA|2012|13|0.5
17186|MAN?SA|2014|9|9.6
17186|MAN?SA|2014|11|4.3
17186|MAN?SA|2014|13|13.9
17186|MAN?SA|2015|10|6.9
17186|MAN?SA|2015|13|6.9
17186|MAN?SA|2016|4|149.2
17186|MAN?SA|2016|5|166.5
17186|MAN?SA|2016|6|253.4
17186|MAN?SA|2016|7|319.0
17186|MAN?SA|2016|8|256.6
17186|MAN?SA|2016|9|187.8
17186|MAN?SA|2016|10|114.5
17186|MAN?SA|2016|11|34.1
17186|MAN?SA|2016|13|1481.1
17186|MAN?SA|2017|4|112.6
17186|MAN?SA|2017|5|162.2
17186|MAN?SA|2017|6|189.3
17186|MAN?SA|2017|7|251.4
17186|MAN?SA|2017|8|248.6
17186|MAN?SA|2017|9|166.2
17186|MAN?SA|2017|10|102.0
17186|MAN?SA|2017|11|27.2
17186|MAN?SA|2017|12|3.9
17186|MAN?SA|2017|13|1263.4
17186|MAN?SA|2018|4|132.6
17186|MAN?SA|2018|5|181.1
17186|MAN?SA|2018|6|206.4
17186|MAN?SA|2018|7|245.3
17186|MAN?SA|2018|8|255.5
17186|MAN?SA|2018|9|168.7
17186|MAN?SA|2018|10|79.3
17186|MAN?SA|2018|11|57.7
17186|MAN?SA|2018|12|4.3
17186|MAN?SA|2018|13|1330.9
17186|MAN?SA|2019|4|107.8
17186|MAN?SA|2019|5|185.4
17186|MAN?SA|2019|6|252.2
17186|MAN?SA|2019|7|254.0
17186|MAN?SA|2019|8|273.2
17186|MAN?SA|2019|9|166.5
17186|MAN?SA|2019|10|90.9
17186|MAN?SA|2019|11|31.2
17186|MAN?SA|2019|12|9.4
17186|MAN?SA|2019|13|1370.6
17186|MAN?SA|2020|3|2.5
17186|MAN?SA|2020|4|106.3
17186|MAN?SA|2020|5|128.9
17186|MAN?SA|2020|6|169.8
17186|MAN?SA|2020|7|278.4
17186|MAN?SA|2020|8|263.7
17186|MAN?SA|2020|9|192.6
17186|MAN?SA|2020|10|87.9
17186|MAN?SA|2020|11|36.1
17186|MAN?SA|2020|13|1266.2
17186|MAN?SA|2021|4|88.4
17186|MAN?SA|2021|5|180.0
17186|MAN?SA|2021|6|193.2
17237|DEN?ZL?|1971|9|129.4
17237|DEN?ZL?|1971|10|73.6
17237|DEN?ZL?|1971|11|41.4
17237|DEN?ZL?|1971|12|7.4
17237|DEN?ZL?|1971|13|251.8
17237|DEN?ZL?|1972|4|110.3
17237|DEN?ZL?|1972|5|157.2
17237|DEN?ZL?|1972|6|172.2
17237|DEN?ZL?|1972|7|202.8
17237|DEN?ZL?|1972|8|200.9
17237|DEN?ZL?|1972|9|144.4
17237|DEN?ZL?|1972|10|55.2
17237|DEN?ZL?|1972|11|33.9
17237|DEN?ZL?|1972|13|1076.9
17237|DEN?ZL?|1974|4|103.8
17237|DEN?ZL?|1974|5|156.3
17237|DEN?ZL?|1974|6|213.8
17237|DEN?ZL?|1974|7|269.0
17237|DEN?ZL?|1974|8|222.3
17237|DEN?ZL?|1974|9|163.0
17237|DEN?ZL?|1974|10|104.1
17237|DEN?ZL?|1974|11|34.4
17237|DEN?ZL?|1974|13|1266.7
17237|DEN?ZL?|1975|4|77.2
17237|DEN?ZL?|1975|5|106.3
17237|DEN?ZL?|1975|6|166.1
17237|DEN?ZL?|1975|7|251.0
17237|DEN?ZL?|1975|8|213.3
17237|DEN?ZL?|1975|9|153.5
17237|DEN?ZL?|1975|10|109.2
17237|DEN?ZL?|1975|11|52.3
17237|DEN?ZL?|1975|13|1128.9
17237|DEN?ZL?|1976|4|70.5
17237|DEN?ZL?|1976|5|121.6
17237|DEN?ZL?|1976|6|209.8
17237|DEN?ZL?|1976|7|224.8
17237|DEN?ZL?|1976|8|198.5
17237|DEN?ZL?|1976|9|167.9
17237|DEN?ZL?|1976|10|89.6
17237|DEN?ZL?|1976|11|39.0
17237|DEN?ZL?|1976|13|1121.7
17237|DEN?ZL?|1977|4|107.8
17237|DEN?ZL?|1977|5|187.3
17237|DEN?ZL?|1977|6|238.6
17237|DEN?ZL?|1977|7|274.4
17237|DEN?ZL?|1977|8|262.5
17237|DEN?ZL?|1977|9|153.7
17237|DEN?ZL?|1977|10|91.0
17237|DEN?ZL?|1977|11|95.4
17237|DEN?ZL?|1977|13|1410.7
17237|DEN?ZL?|1978|4|82.3
17237|DEN?ZL?|1978|5|206.3
17237|DEN?ZL?|1978|6|246.4
17237|DEN?ZL?|1978|7|310.4
17237|DEN?ZL?|1978|8|244.6
17237|DEN?ZL?|1978|9|160.0
17237|DEN?ZL?|1978|10|82.5
17237|DEN?ZL?|1978|11|14.1
17237|DEN?ZL?|1978|13|1346.6
17237|DEN?ZL?|1979|4|102.1
17237|DEN?ZL?|1979|5|142.7
17237|DEN?ZL?|1979|6|202.7
17237|DEN?ZL?|1979|7|278.6
17237|DEN?ZL?|1979|8|246.4
17237|DEN?ZL?|1979|9|177.2
17237|DEN?ZL?|1979|10|86.1
17237|DEN?ZL?|1979|11|52.2
17237|DEN?ZL?|1979|13|1288.0
17237|DEN?ZL?|1980|4|105.2
17237|DEN?ZL?|1980|5|165.2
17237|DEN?ZL?|1980|6|217.7
17237|DEN?ZL?|1980|7|305.1
17237|DEN?ZL?|1980|8|258.4
17237|DEN?ZL?|1980|9|157.8
17237|DEN?ZL?|1980|10|100.3
17237|DEN?ZL?|1980|11|37.5
17237|DEN?ZL?|1980|13|1347.2
17237|DEN?ZL?|1981|4|132.5
17237|DEN?ZL?|1981|5|157.0
17237|DEN?ZL?|1981|6|229.8
17237|DEN?ZL?|1981|7|284.0
17237|DEN?ZL?|1981|8|243.0
17237|DEN?ZL?|1981|9|167.1
17237|DEN?ZL?|1981|10|114.7
17237|DEN?ZL?|1981|11|30.3
17237|DEN?ZL?|1981|13|1358.4
17237|DEN?ZL?|1982|4|109.5
17237|DEN?ZL?|1982|5|130.6
17237|DEN?ZL?|1982|6|206.3
17237|DEN?ZL?|1982|7|242.5
17237|DEN?ZL?|1982|8|220.5
17237|DEN?ZL?|1982|9|168.9
17237|DEN?ZL?|1982|10|67.9
17237|DEN?ZL?|1982|11|13.0
17237|DEN?ZL?|1982|13|1159.2
17237|DEN?ZL?|1983|4|122.1
17237|DEN?ZL?|1983|5|164.3
17237|DEN?ZL?|1983|6|153.7
17237|DEN?ZL?|1983|7|193.2
17237|DEN?ZL?|1983|8|195.0
17237|DEN?ZL?|1983|9|126.5
17237|DEN?ZL?|1983|10|78.3
17237|DEN?ZL?|1983|11|28.6
17237|DEN?ZL?|1983|13|1061.7
17237|DEN?ZL?|1984|4|78.4
17237|DEN?ZL?|1984|5|172.9
17237|DEN?ZL?|1984|6|208.0
17237|DEN?ZL?|1984|7|241.5
17237|DEN?ZL?|1984|8|178.4
17237|DEN?ZL?|1984|9|137.9
17237|DEN?ZL?|1984|10|93.6
17237|DEN?ZL?|1984|11|44.1
17237|DEN?ZL?|1984|13|1154.8
17237|DEN?ZL?|1985|4|112.2
17237|DEN?ZL?|1985|5|150.9
17237|DEN?ZL?|1985|6|182.1
17237|DEN?ZL?|1985|7|227.1
17237|DEN?ZL?|1985|8|182.4
17237|DEN?ZL?|1985|9|129.7
17237|DEN?ZL?|1985|10|75.9
17237|DEN?ZL?|1985|11|61.4
17237|DEN?ZL?|1985|13|1121.7
17237|DEN?ZL?|1986|4|123.4
17237|DEN?ZL?|1986|5|131.5
17237|DEN?ZL?|1986|6|162.8
17237|DEN?ZL?|1986|7|212.2
17237|DEN?ZL?|1986|8|167.4
17237|DEN?ZL?|1986|9|105.9
17237|DEN?ZL?|1986|10|67.2
17237|DEN?ZL?|1986|11|24.9
17237|DEN?ZL?|1986|13|995.3
17237|DEN?ZL?|1987|4|81.5
17237|DEN?ZL?|1987|5|118.7
17237|DEN?ZL?|1987|6|158.0
17237|DEN?ZL?|1987|7|185.6
17237|DEN?ZL?|1987|8|166.9
17237|DEN?ZL?|1987|9|105.9
17237|DEN?ZL?|1987|10|66.7
17237|DEN?ZL?|1987|11|26.6
17237|DEN?ZL?|1987|13|909.9
17237|DEN?ZL?|1988|4|66.8
17237|DEN?ZL?|1988|5|118.7
17237|DEN?ZL?|1988|6|155.9
17237|DEN?ZL?|1988|7|198.3
17237|DEN?ZL?|1988|8|154.1
17237|DEN?ZL?|1988|9|120.4
17237|DEN?ZL?|1988|10|58.0
17237|DEN?ZL?|1988|11|7.6
17237|DEN?ZL?|1988|13|879.8
17237|DEN?ZL?|1989|4|117.5
17237|DEN?ZL?|1989|5|110.4
17237|DEN?ZL?|1989|6|158.8
17237|DEN?ZL?|1989|7|199.4
17237|DEN?ZL?|1989|8|165.9
17237|DEN?ZL?|1989|9|117.6
17237|DEN?ZL?|1989|10|62.2
17237|DEN?ZL?|1989|11|25.1
17237|DEN?ZL?|1989|13|956.9
17237|DEN?ZL?|1990|4|86.5
17237|DEN?ZL?|1990|5|111.0
17237|DEN?ZL?|1990|6|160.3
17237|DEN?ZL?|1990|7|205.6
17237|DEN?ZL?|1990|8|164.2
17237|DEN?ZL?|1990|9|107.1
17237|DEN?ZL?|1990|10|65.7
17237|DEN?ZL?|1990|11|28.4
17237|DEN?ZL?|1990|12|18.6
17237|DEN?ZL?|1990|13|947.4
17237|DEN?ZL?|1991|4|70.4
17237|DEN?ZL?|1991|5|80.8
17237|DEN?ZL?|1991|6|153.5
17237|DEN?ZL?|1991|7|169.4
17237|DEN?ZL?|1991|8|171.0
17237|DEN?ZL?|1991|9|116.4
17237|DEN?ZL?|1991|10|83.8
17237|DEN?ZL?|1991|11|26.3
17237|DEN?ZL?|1991|13|871.6
17237|DEN?ZL?|1992|4|79.8
17237|DEN?ZL?|1992|5|109.8
17237|DEN?ZL?|1992|6|153.8
17237|DEN?ZL?|1992|7|171.0
17237|DEN?ZL?|1992|8|176.8
17237|DEN?ZL?|1992|9|138.5
17237|DEN?ZL?|1992|10|91.4
17237|DEN?ZL?|1992|11|30.3
17237|DEN?ZL?|1992|13|951.4
17237|DEN?ZL?|1993|4|75.6
17237|DEN?ZL?|1993|5|84.6
17237|DEN?ZL?|1993|6|168.9
17237|DEN?ZL?|1993|7|214.6
17237|DEN?ZL?|1993|8|206.6
17237|DEN?ZL?|1993|9|142.2
17237|DEN?ZL?|1993|10|86.7
17237|DEN?ZL?|1993|11|38.6
17237|DEN?ZL?|1993|12|25.6
17237|DEN?ZL?|1993|13|1043.4
17237|DEN?ZL?|1994|4|82.7
17237|DEN?ZL?|1994|5|151.0
17237|DEN?ZL?|1994|6|211.7
17237|DEN?ZL?|1994|7|212.6
17237|DEN?ZL?|1994|8|217.6
17237|DEN?ZL?|1994|9|151.8
17237|DEN?ZL?|1994|10|77.6
17237|DEN?ZL?|1994|11|33.1
17237|DEN?ZL?|1994|13|1138.1
17237|DEN?ZL?|1995|4|76.4
17237|DEN?ZL?|1995|5|149.2
17237|DEN?ZL?|1995|6|213.1
17237|DEN?ZL?|1995|7|190.9
17237|DEN?ZL?|1995|8|197.0
17237|DEN?ZL?|1995|9|143.5
17237|DEN?ZL?|1995|10|77.2
17237|DEN?ZL?|1995|11|27.8
17237|DEN?ZL?|1995|13|1075.1
17237|DEN?ZL?|1996|4|84.3
17237|DEN?ZL?|1996|5|166.2
17237|DEN?ZL?|1996|6|224.6
17237|DEN?ZL?|1996|7|252.9
17237|DEN?ZL?|1996|8|219.2
17237|DEN?ZL?|1996|9|125.4
17237|DEN?ZL?|1996|10|68.2
17237|DEN?ZL?|1996|13|1140.8
17237|DEN?ZL?|1997|4|69.6
17237|DEN?ZL?|1997|5|152.1
17237|DEN?ZL?|1997|6|170.0
17237|DEN?ZL?|1997|7|245.6
17237|DEN?ZL?|1997|8|176.4
17237|DEN?ZL?|1997|9|145.4
17237|DEN?ZL?|1997|10|106.6
17237|DEN?ZL?|1997|13|1065.7
17237|DEN?ZL?|1998|4|91.5
17237|DEN?ZL?|1998|5|108.6
17237|DEN?ZL?|1998|6|189.8
17237|DEN?ZL?|1998|7|251.2
17237|DEN?ZL?|1998|8|227.1
17237|DEN?ZL?|1998|9|152.6
17237|DEN?ZL?|1998|10|99.3
17237|DEN?ZL?|1998|11|39.2
17237|DEN?ZL?|1998|13|1159.3
17237|DEN?ZL?|1999|4|112.5
17237|DEN?ZL?|1999|5|175.3
17237|DEN?ZL?|1999|6|190.2
17237|DEN?ZL?|1999|7|202.3
17237|DEN?ZL?|1999|8|173.6
17237|DEN?ZL?|1999|9|111.0
17237|DEN?ZL?|1999|10|77.2
17237|DEN?ZL?|1999|11|40.6
17237|DEN?ZL?|1999|13|1082.7
17237|DEN?ZL?|2000|4|83.2
17237|DEN?ZL?|2000|5|124.7
17237|DEN?ZL?|2000|6|161.6
17237|DEN?ZL?|2000|7|219.2
17237|DEN?ZL?|2000|8|177.1
17237|DEN?ZL?|2000|9|125.0
17237|DEN?ZL?|2000|10|65.7
17237|DEN?ZL?|2000|11|40.1
17237|DEN?ZL?|2000|12|5.0
17237|DEN?ZL?|2000|13|1001.6
17237|DEN?ZL?|2001|4|91.3
17237|DEN?ZL?|2001|5|140.4
17237|DEN?ZL?|2001|6|246.6
17237|DEN?ZL?|2001|7|266.2
17237|DEN?ZL?|2001|8|221.6
17237|DEN?ZL?|2001|9|168.5
17237|DEN?ZL?|2001|10|107.9
17237|DEN?ZL?|2001|11|46.4
17237|DEN?ZL?|2001|13|1288.9
17237|DEN?ZL?|2002|4|83.3
17237|DEN?ZL?|2002|5|189.3
17237|DEN?ZL?|2002|6|236.1
17237|DEN?ZL?|2002|7|270.7
17237|DEN?ZL?|2002|8|230.2
17237|DEN?ZL?|2002|9|133.7
17237|DEN?ZL?|2002|10|85.6
17237|DEN?ZL?|2002|13|1228.9
17237|DEN?ZL?|2003|4|70.3
17237|DEN?ZL?|2003|5|175.4
17237|DEN?ZL?|2003|6|220.2
17237|DEN?ZL?|2003|7|272.6
17237|DEN?ZL?|2003|8|239.4
17237|DEN?ZL?|2003|9|160.4
17237|DEN?ZL?|2003|10|119.9
17237|DEN?ZL?|2003|11|42.8
17237|DEN?ZL?|2003|12|5.3
17237|DEN?ZL?|2003|13|1306.3
17237|DEN?ZL?|2004|4|99.7
17237|DEN?ZL?|2004|5|164.7
17237|DEN?ZL?|2004|6|217.2
17237|DEN?ZL?|2004|7|266.5
17237|DEN?ZL?|2004|8|222.7
17237|DEN?ZL?|2004|9|170.3
17237|DEN?ZL?|2004|10|100.3
17237|DEN?ZL?|2004|11|36.9
17237|DEN?ZL?|2004|13|1278.3
17237|DEN?ZL?|2005|4|91.3
17237|DEN?ZL?|2005|5|147.3
17237|DEN?ZL?|2005|6|171.2
17237|DEN?ZL?|2005|7|215.2
17237|DEN?ZL?|2005|8|185.6
17237|DEN?ZL?|2005|9|128.1
17237|DEN?ZL?|2005|10|63.5
17237|DEN?ZL?|2005|11|21.9
17237|DEN?ZL?|2005|13|1024.1
17237|DEN?ZL?|2006|4|80.2
17237|DEN?ZL?|2006|5|136.2
17237|DEN?ZL?|2006|6|163.1
17237|DEN?ZL?|2006|7|165.6
17237|DEN?ZL?|2006|8|189.3
17237|DEN?ZL?|2006|9|108.1
17237|DEN?ZL?|2006|10|65.1
17237|DEN?ZL?|2006|11|5.0
17237|DEN?ZL?|2006|13|912.6
17237|DEN?ZL?|2007|4|102.0
17237|DEN?ZL?|2007|5|177.1
17237|DEN?ZL?|2007|6|209.2
17237|DEN?ZL?|2007|7|288.1
17237|DEN?ZL?|2007|8|245.6
17237|DEN?ZL?|2007|9|163.2
17237|DEN?ZL?|2007|10|82.3
17237|DEN?ZL?|2007|11|1.5
17237|DEN?ZL?|2007|13|1269.0
17237|DEN?ZL?|2008|4|105.8
17237|DEN?ZL?|2008|5|166.0
17237|DEN?ZL?|2008|6|245.9
17237|DEN?ZL?|2008|7|277.2
17237|DEN?ZL?|2008|8|232.6
17237|DEN?ZL?|2008|9|149.1
17237|DEN?ZL?|2008|10|78.9
17237|DEN?ZL?|2008|11|43.0
17237|DEN?ZL?|2008|12|14.8
17237|DEN?ZL?|2008|13|1313.3
17237|DEN?ZL?|2009|4|88.3
17237|DEN?ZL?|2009|5|156.1
17237|DEN?ZL?|2009|6|221.8
17237|DEN?ZL?|2009|7|259.4
17237|DEN?ZL?|2009|8|233.8
17237|DEN?ZL?|2009|9|133.2
17237|DEN?ZL?|2009|10|104.5
17237|DEN?ZL?|2009|11|33.6
17237|DEN?ZL?|2009|12|1.6
17237|DEN?ZL?|2009|13|1232.3
17237|DEN?ZL?|2010|4|98.7
17237|DEN?ZL?|2010|5|154.5
17237|DEN?ZL?|2010|6|158.9
17237|DEN?ZL?|2010|7|236.8
17237|DEN?ZL?|2010|8|222.8
17237|DEN?ZL?|2010|9|155.3
17237|DEN?ZL?|2010|10|70.0
17237|DEN?ZL?|2010|11|61.8
17237|DEN?ZL?|2010|12|12.2
17237|DEN?ZL?|2010|13|1171.0
17237|DEN?ZL?|2011|3|5.0
17237|DEN?ZL?|2011|4|71.6
17237|DEN?ZL?|2011|5|102.0
17237|DEN?ZL?|2011|6|179.5
17237|DEN?ZL?|2011|7|250.6
17237|DEN?ZL?|2011|8|220.5
17237|DEN?ZL?|2011|9|166.3
17237|DEN?ZL?|2011|10|84.4
17237|DEN?ZL?|2011|11|41.6
17237|DEN?ZL?|2011|12|0.5
17237|DEN?ZL?|2011|13|1122.0
17237|DEN?ZL?|2012|3|0.7
17237|DEN?ZL?|2012|4|108.5
17237|DEN?ZL?|2012|5|113.6
17237|DEN?ZL?|2012|6|203.8
17237|DEN?ZL?|2012|7|254.0
17237|DEN?ZL?|2012|8|221.2
17237|DEN?ZL?|2012|9|162.7
17237|DEN?ZL?|2012|10|85.5
17237|DEN?ZL?|2012|11|33.5
17237|DEN?ZL?|2012|12|2.2
17237|DEN?ZL?|2012|13|1185.7
17237|DEN?ZL?|2013|3|3.0
17237|DEN?ZL?|2013|4|98.1
17237|DEN?ZL?|2013|5|168.3
17237|DEN?ZL?|2013|6|214.4
17237|DEN?ZL?|2013|7|229.6
17237|DEN?ZL?|2013|8|210.6
17237|DEN?ZL?|2013|9|147.3
17237|DEN?ZL?|2013|10|89.6
17237|DEN?ZL?|2013|11|36.3
17237|DEN?ZL?|2013|12|1.6
17237|DEN?ZL?|2013|13|1198.8
17237|DEN?ZL?|2014|1|0.0
17237|DEN?ZL?|2014|4|105.3
17237|DEN?ZL?|2014|5|132.7
17237|DEN?ZL?|2014|6|158.1
17237|DEN?ZL?|2014|7|234.2
17237|DEN?ZL?|2014|8|207.4
17237|DEN?ZL?|2014|9|118.2
17237|DEN?ZL?|2014|10|69.3
17237|DEN?ZL?|2014|11|33.6
17237|DEN?ZL?|2014|12|16.2
17237|DEN?ZL?|2014|13|1075.0
17237|DEN?ZL?|2015|4|95.4
17237|DEN?ZL?|2015|5|151.0
17237|DEN?ZL?|2015|6|148.8
17237|DEN?ZL?|2015|7|215.6
17237|DEN?ZL?|2015|8|188.3
17237|DEN?ZL?|2015|9|136.7
17237|DEN?ZL?|2015|10|79.6
17237|DEN?ZL?|2015|11|56.2
17237|DEN?ZL?|2015|12|2.8
17237|DEN?ZL?|2015|13|1074.4
17237|DEN?ZL?|2016|4|146.4
17237|DEN?ZL?|2016|5|135.0
17237|DEN?ZL?|2016|6|239.5
17237|DEN?ZL?|2016|7|253.9
17237|DEN?ZL?|2016|8|204.5
17237|DEN?ZL?|2016|9|143.1
17237|DEN?ZL?|2016|10|101.9
17237|DEN?ZL?|2016|11|49.9
17237|DEN?ZL?|2016|12|0.0
17237|DEN?ZL?|2016|13|1274.2
17237|DEN?ZL?|2017|4|96.9
17237|DEN?ZL?|2017|5|134.0
17237|DEN?ZL?|2017|6|168.0
17237|DEN?ZL?|2017|7|246.5
17237|DEN?ZL?|2017|8|180.0
17237|DEN?ZL?|2017|9|150.3
17237|DEN?ZL?|2017|10|80.2
17237|DEN?ZL?|2017|11|41.8
17237|DEN?ZL?|2017|12|1.0
17237|DEN?ZL?|2017|13|1098.7
17237|DEN?ZL?|2018|4|120.5
17237|DEN?ZL?|2018|5|147.9
17237|DEN?ZL?|2018|6|159.5
17237|DEN?ZL?|2018|7|205.3
17237|DEN?ZL?|2018|8|170.3
17237|DEN?ZL?|2018|9|145.1
17237|DEN?ZL?|2018|10|86.2
17237|DEN?ZL?|2018|11|45.5
17237|DEN?ZL?|2018|13|1080.3
17237|DEN?ZL?|2019|4|91.2
17237|DEN?ZL?|2019|5|143.4
17237|DEN?ZL?|2019|6|167.3
17237|DEN?ZL?|2019|7|209.5
17237|DEN?ZL?|2019|8|217.9
17237|DEN?ZL?|2019|9|136.6
17237|DEN?ZL?|2019|10|94.8
17237|DEN?ZL?|2019|11|53.4
17237|DEN?ZL?|2019|12|0.8
17237|DEN?ZL?|2019|13|1114.9
17237|DEN?ZL?|2020|3|2.6
17237|DEN?ZL?|2020|4|90.8
17237|DEN?ZL?|2020|5|122.9
17237|DEN?ZL?|2020|6|153.8
17237|DEN?ZL?|2020|7|206.1
17237|DEN?ZL?|2020|8|191.3
17237|DEN?ZL?|2020|9|140.0
17237|DEN?ZL?|2020|10|91.8
17237|DEN?ZL?|2020|11|40.2
17237|DEN?ZL?|2020|13|1039.5
17237|DEN?ZL?|2021|4|98.3
17237|DEN?ZL?|2021|5|178.5
17237|DEN?ZL?|2021|6|157.7
17257|DEN?ZL? ?ARDAK HAVAL?MANI|2014|1|29.6
17257|DEN?ZL? ?ARDAK HAVAL?MANI|2014|2|41.7
17257|DEN?ZL? ?ARDAK HAVAL?MANI|2014|3|69.5
17257|DEN?ZL? ?ARDAK HAVAL?MANI|2014|4|98.9
17257|DEN?ZL? ?ARDAK HAVAL?MANI|2014|5|122.7
17257|DEN?ZL? ?ARDAK HAVAL?MANI|2014|6|169.6
17257|DEN?ZL? ?ARDAK HAVAL?MANI|2014|7|263.4
17257|DEN?ZL? ?ARDAK HAVAL?MANI|2014|8|245.2
17257|DEN?ZL? ?ARDAK HAVAL?MANI|2014|9|75.2
17257|DEN?ZL? ?ARDAK HAVAL?MANI|2014|10|74.3
17257|DEN?ZL? ?ARDAK HAVAL?MANI|2014|11|47.5
17257|DEN?ZL? ?ARDAK HAVAL?MANI|2014|12|39.4
17257|DEN?ZL? ?ARDAK HAVAL?MANI|2014|13|1277.0
17257|DEN?ZL? ?ARDAK HAVAL?MANI|2015|1|35.3
17257|DEN?ZL? ?ARDAK HAVAL?MANI|2015|2|48.7
17257|DEN?ZL? ?ARDAK HAVAL?MANI|2015|3|54.9
17257|DEN?ZL? ?ARDAK HAVAL?MANI|2015|4|75.8
17257|DEN?ZL? ?ARDAK HAVAL?MANI|2015|5|118.1
17257|DEN?ZL? ?ARDAK HAVAL?MANI|2015|6|105.4
17257|DEN?ZL? ?ARDAK HAVAL?MANI|2015|7|219.0
17257|DEN?ZL? ?ARDAK HAVAL?MANI|2015|8|219.2
17257|DEN?ZL? ?ARDAK HAVAL?MANI|2015|9|173.2
17257|DEN?ZL? ?ARDAK HAVAL?MANI|2015|10|92.0
17257|DEN?ZL? ?ARDAK HAVAL?MANI|2015|11|58.7
17257|DEN?ZL? ?ARDAK HAVAL?MANI|2015|12|24.2
17257|DEN?ZL? ?ARDAK HAVAL?MANI|2015|13|1224.5
17257|DEN?ZL? ?ARDAK HAVAL?MANI|2021|6|7.1
17296|FETH?YE|1984|4|45.0
17296|FETH?YE|1984|5|167.6
17296|FETH?YE|1984|6|221.2
17296|FETH?YE|1984|7|286.0
17296|FETH?YE|1984|8|255.5
17296|FETH?YE|1984|9|163.6
17296|FETH?YE|1984|10|121.6
17296|FETH?YE|1984|11|53.6
17296|FETH?YE|1984|12|34.5
17296|FETH?YE|1984|13|1348.6
17296|FETH?YE|1985|1|57.2
17296|FETH?YE|1985|2|38.4
17296|FETH?YE|1985|3|80.4
17296|FETH?YE|1985|4|120.6
17296|FETH?YE|1985|5|158.8
17296|FETH?YE|1985|6|224.9
17296|FETH?YE|1985|7|267.2
17296|FETH?YE|1985|8|240.8
17296|FETH?YE|1985|9|181.1
17296|FETH?YE|1985|10|124.1
17296|FETH?YE|1985|11|54.0
17296|FETH?YE|1985|12|39.0
17296|FETH?YE|1985|13|1586.5
17296|FETH?YE|1986|3|78.9
17296|FETH?YE|1986|4|130.1
17296|FETH?YE|1986|5|173.1
17296|FETH?YE|1986|6|218.0
17296|FETH?YE|1986|7|245.5
17296|FETH?YE|1986|8|205.3
17296|FETH?YE|1986|9|141.0
17296|FETH?YE|1986|10|114.7
17296|FETH?YE|1986|11|69.3
17296|FETH?YE|1986|12|56.0
17296|FETH?YE|1986|13|1431.9
17296|FETH?YE|1987|3|74.2
17296|FETH?YE|1987|4|98.6
17296|FETH?YE|1987|5|128.8
17296|FETH?YE|1987|6|201.3
17296|FETH?YE|1987|7|240.9
17296|FETH?YE|1987|8|221.9
17296|FETH?YE|1987|9|166.9
17296|FETH?YE|1987|10|133.4
17296|FETH?YE|1987|11|58.2
17296|FETH?YE|1987|12|41.9
17296|FETH?YE|1987|13|1366.1
17296|FETH?YE|1988|3|78.2
17296|FETH?YE|1988|4|99.6
17296|FETH?YE|1988|5|161.2
17296|FETH?YE|1988|6|205.7
17296|FETH?YE|1988|7|252.6
17296|FETH?YE|1988|8|192.8
17296|FETH?YE|1988|9|180.6
17296|FETH?YE|1988|10|107.3
17296|FETH?YE|1988|11|58.1
17296|FETH?YE|1988|12|47.1
17296|FETH?YE|1988|13|1383.2
17296|FETH?YE|1989|3|85.6
17296|FETH?YE|1989|4|123.2
17296|FETH?YE|1989|5|172.6
17296|FETH?YE|1989|6|210.1
17296|FETH?YE|1989|7|243.4
17296|FETH?YE|1989|8|202.9
17296|FETH?YE|1989|9|181.8
17296|FETH?YE|1989|10|108.0
17296|FETH?YE|1989|11|52.1
17296|FETH?YE|1989|12|35.2
17296|FETH?YE|1989|13|1414.9
17296|FETH?YE|1990|3|109.2
17296|FETH?YE|1990|4|122.8
17296|FETH?YE|1990|5|175.0
17296|FETH?YE|1990|6|205.7
17296|FETH?YE|1990|7|229.5
17296|FETH?YE|1990|8|219.3
17296|FETH?YE|1990|9|175.9
17296|FETH?YE|1990|10|119.7
17296|FETH?YE|1990|11|54.1
17296|FETH?YE|1990|12|34.1
17296|FETH?YE|1990|13|1445.3
17296|FETH?YE|1991|1|46.4
17296|FETH?YE|1991|3|89.4
17296|FETH?YE|1991|4|121.5
17296|FETH?YE|1991|5|120.8
17296|FETH?YE|1991|6|206.2
17296|FETH?YE|1991|7|210.3
17296|FETH?YE|1991|8|209.0
17296|FETH?YE|1991|9|166.6
17296|FETH?YE|1991|10|103.1
17296|FETH?YE|1991|11|54.0
17296|FETH?YE|1991|12|29.2
17296|FETH?YE|1991|13|1356.5
17296|FETH?YE|1992|3|66.3
17296|FETH?YE|1992|4|106.0
17296|FETH?YE|1992|5|123.2
17296|FETH?YE|1992|6|173.0
17296|FETH?YE|1992|7|213.2
17296|FETH?YE|1992|8|224.2
17296|FETH?YE|1992|9|159.6
17296|FETH?YE|1992|10|94.4
17296|FETH?YE|1992|11|61.5
17296|FETH?YE|1992|12|33.5
17296|FETH?YE|1992|13|1254.9
17296|FETH?YE|1993|3|81.2
17296|FETH?YE|1993|4|99.3
17296|FETH?YE|1993|5|127.1
17296|FETH?YE|1993|6|182.0
17296|FETH?YE|1993|7|221.7
17296|FETH?YE|1993|8|194.8
17296|FETH?YE|1993|9|158.6
17296|FETH?YE|1993|10|101.2
17296|FETH?YE|1993|11|54.3
17296|FETH?YE|1993|12|29.0
17296|FETH?YE|1993|13|1249.2
17296|FETH?YE|1994|3|94.4
17296|FETH?YE|1994|4|96.8
17296|FETH?YE|1994|5|150.5
17296|FETH?YE|1994|6|208.5
17296|FETH?YE|1994|7|213.7
17296|FETH?YE|1994|8|242.9
17296|FETH?YE|1994|9|150.8
17296|FETH?YE|1994|10|91.7
17296|FETH?YE|1994|11|74.7
17296|FETH?YE|1994|13|1324.0
17296|FETH?YE|1995|3|76.8
17296|FETH?YE|1995|4|103.4
17296|FETH?YE|1995|5|148.9
17296|FETH?YE|1995|6|186.7
17296|FETH?YE|1995|7|223.5
17296|FETH?YE|1995|8|213.8
17296|FETH?YE|1995|9|162.0
17296|FETH?YE|1995|10|103.4
17296|FETH?YE|1995|11|19.2
17296|FETH?YE|1995|13|1237.7
17296|FETH?YE|1996|3|89.3
17296|FETH?YE|1996|4|98.0
17296|FETH?YE|1996|5|155.3
17296|FETH?YE|1996|6|205.5
17296|FETH?YE|1996|7|211.2
17296|FETH?YE|1996|8|196.0
17296|FETH?YE|1996|9|132.5
17296|FETH?YE|1996|10|80.5
17296|FETH?YE|1996|11|52.8
17296|FETH?YE|1996|12|37.0
17296|FETH?YE|1996|13|1258.1
17296|FETH?YE|1997|1|38.1
17296|FETH?YE|1997|3|79.5
17296|FETH?YE|1997|4|91.2
17296|FETH?YE|1997|5|141.5
17296|FETH?YE|1997|6|178.6
17296|FETH?YE|1997|7|250.9
17296|FETH?YE|1997|8|179.4
17296|FETH?YE|1997|9|142.1
17296|FETH?YE|1997|10|75.4
17296|FETH?YE|1997|11|39.5
17296|FETH?YE|1997|12|16.7
17296|FETH?YE|1997|13|1232.9
17296|FETH?YE|1998|3|71.1
17296|FETH?YE|1998|4|99.9
17296|FETH?YE|1998|5|123.7
17296|FETH?YE|1998|6|187.7
17296|FETH?YE|1998|7|214.9
17296|FETH?YE|1998|8|210.2
17296|FETH?YE|1998|9|150.3
17296|FETH?YE|1998|10|101.3
17296|FETH?YE|1998|11|42.1
17296|FETH?YE|1998|13|1201.2
17296|FETH?YE|1999|3|87.7
17296|FETH?YE|1999|4|103.5
17296|FETH?YE|1999|5|160.6
17296|FETH?YE|1999|6|215.7
17296|FETH?YE|1999|7|216.2
17296|FETH?YE|1999|8|194.5
17296|FETH?YE|1999|9|149.8
17296|FETH?YE|1999|10|99.7
17296|FETH?YE|1999|11|49.1
17296|FETH?YE|1999|13|1276.8
17296|FETH?YE|2000|3|83.3
17296|FETH?YE|2000|4|90.4
17296|FETH?YE|2000|5|155.5
17296|FETH?YE|2000|6|223.0
17296|FETH?YE|2000|7|233.2
17296|FETH?YE|2000|8|219.0
17296|FETH?YE|2000|9|157.2
17296|FETH?YE|2000|10|116.9
17296|FETH?YE|2000|11|40.8
17296|FETH?YE|2000|12|11.6
17296|FETH?YE|2000|13|1330.9
17296|FETH?YE|2001|3|83.9
17296|FETH?YE|2001|4|100.5
17296|FETH?YE|2001|5|155.5
17296|FETH?YE|2001|6|199.7
17296|FETH?YE|2001|7|225.6
17296|FETH?YE|2001|8|210.9
17296|FETH?YE|2001|9|154.5
17296|FETH?YE|2001|10|102.7
17296|FETH?YE|2001|11|54.7
17296|FETH?YE|2001|13|1288.0
17296|FETH?YE|2002|3|84.4
17296|FETH?YE|2002|4|97.3
17296|FETH?YE|2002|5|149.9
17296|FETH?YE|2002|6|219.9
17296|FETH?YE|2002|7|253.1
17296|FETH?YE|2002|8|254.7
17296|FETH?YE|2002|9|162.7
17296|FETH?YE|2002|10|108.5
17296|FETH?YE|2002|11|52.1
17296|FETH?YE|2002|13|1382.6
17296|FETH?YE|2003|3|105.4
17296|FETH?YE|2003|4|103.6
17296|FETH?YE|2003|5|183.0
17296|FETH?YE|2003|6|215.2
17296|FETH?YE|2003|7|286.8
17296|FETH?YE|2003|8|273.5
17296|FETH?YE|2003|9|209.7
17296|FETH?YE|2003|10|123.6
17296|FETH?YE|2003|11|76.5
17296|FETH?YE|2003|13|1577.3
17296|FETH?YE|2004|3|100.0
17296|FETH?YE|2004|4|121.7
17296|FETH?YE|2004|5|163.4
17296|FETH?YE|2004|6|222.1
17296|FETH?YE|2004|7|280.0
17296|FETH?YE|2004|8|233.6
17296|FETH?YE|2004|9|191.6
17296|FETH?YE|2004|10|112.6
17296|FETH?YE|2004|11|63.4
17296|FETH?YE|2004|13|1488.4
17296|FETH?YE|2005|3|84.5
17296|FETH?YE|2005|4|118.5
17296|FETH?YE|2005|5|182.3
17296|FETH?YE|2005|6|218.8
17296|FETH?YE|2005|7|237.6
17296|FETH?YE|2005|8|248.8
17296|FETH?YE|2005|9|188.4
17296|FETH?YE|2005|10|113.1
17296|FETH?YE|2005|11|56.5
17296|FETH?YE|2005|13|1448.5
17296|FETH?YE|2006|3|69.8
17296|FETH?YE|2006|4|123.5
17296|FETH?YE|2006|5|172.1
17296|FETH?YE|2006|6|214.1
17296|FETH?YE|2006|7|224.1
17296|FETH?YE|2006|8|239.4
17296|FETH?YE|2006|9|159.2
17296|FETH?YE|2006|10|91.8
17296|FETH?YE|2006|11|36.7
17296|FETH?YE|2006|13|1330.7
17296|FETH?YE|2007|3|106.5
17296|FETH?YE|2007|4|134.4
17296|FETH?YE|2007|5|175.1
17296|FETH?YE|2007|6|242.7
17296|FETH?YE|2007|7|246.2
17296|FETH?YE|2007|8|227.6
17296|FETH?YE|2007|9|181.6
17296|FETH?YE|2007|10|99.2
17296|FETH?YE|2007|11|31.7
17296|FETH?YE|2007|13|1445.0
17296|FETH?YE|2008|3|84.4
17296|FETH?YE|2008|4|105.3
17296|FETH?YE|2008|5|184.5
17296|FETH?YE|2008|6|205.8
17296|FETH?YE|2008|7|211.4
17296|FETH?YE|2008|8|199.3
17296|FETH?YE|2008|9|148.1
17296|FETH?YE|2008|10|106.7
17296|FETH?YE|2008|11|49.2
17296|FETH?YE|2008|12|0.8
17296|FETH?YE|2008|13|1295.5
17296|FETH?YE|2009|3|94.0
17296|FETH?YE|2009|4|119.4
17296|FETH?YE|2009|5|166.4
17296|FETH?YE|2009|6|244.6
17296|FETH?YE|2009|7|299.0
17296|FETH?YE|2009|8|239.9
17296|FETH?YE|2009|9|160.8
17296|FETH?YE|2009|10|101.3
17296|FETH?YE|2009|11|54.2
17296|FETH?YE|2009|12|0.8
17296|FETH?YE|2009|13|1480.4
17296|FETH?YE|2010|3|108.2
17296|FETH?YE|2010|4|130.2
17296|FETH?YE|2010|5|155.3
17296|FETH?YE|2010|6|186.8
17296|FETH?YE|2010|7|234.9
17296|FETH?YE|2010|8|202.8
17296|FETH?YE|2010|9|170.5
17296|FETH?YE|2010|10|123.1
17296|FETH?YE|2010|11|60.6
17296|FETH?YE|2010|12|1.4
17296|FETH?YE|2010|13|1373.8
17296|FETH?YE|2011|3|99.0
17296|FETH?YE|2011|4|108.9
17296|FETH?YE|2011|5|155.1
17296|FETH?YE|2011|6|223.0
17296|FETH?YE|2011|7|259.3
17296|FETH?YE|2011|8|254.3
17296|FETH?YE|2011|9|182.1
17296|FETH?YE|2011|10|101.5
17296|FETH?YE|2011|11|60.3
17296|FETH?YE|2011|12|1.2
17296|FETH?YE|2011|13|1444.7
17296|FETH?YE|2012|2|4.8
17296|FETH?YE|2012|3|116.1
17296|FETH?YE|2012|4|121.8
17296|FETH?YE|2012|5|161.0
17296|FETH?YE|2012|6|221.6
17296|FETH?YE|2012|7|266.0
17296|FETH?YE|2012|8|262.1
17296|FETH?YE|2012|9|168.1
17296|FETH?YE|2012|10|101.3
17296|FETH?YE|2012|11|59.3
17296|FETH?YE|2012|13|1482.1
17296|FETH?YE|2013|2|3.0
17296|FETH?YE|2013|3|82.6
17296|FETH?YE|2013|4|122.0
17296|FETH?YE|2013|5|180.0
17296|FETH?YE|2013|6|234.6
17296|FETH?YE|2013|7|257.6
17296|FETH?YE|2013|8|255.7
17296|FETH?YE|2013|9|202.5
17296|FETH?YE|2013|10|130.1
17296|FETH?YE|2013|11|52.3
17296|FETH?YE|2013|12|0.8
17296|FETH?YE|2013|13|1521.2
17296|FETH?YE|2014|2|43.4
17296|FETH?YE|2014|3|80.7
17296|FETH?YE|2014|4|116.0
17296|FETH?YE|2014|5|160.6
17296|FETH?YE|2014|6|224.6
17296|FETH?YE|2014|7|269.4
17296|FETH?YE|2014|8|223.5
17296|FETH?YE|2014|9|185.3
17296|FETH?YE|2014|10|111.5
17296|FETH?YE|2014|11|53.3
17296|FETH?YE|2014|13|1468.3
17296|FETH?YE|2015|2|1.0
17296|FETH?YE|2015|3|73.1
17296|FETH?YE|2015|4|148.6
17296|FETH?YE|2015|5|177.1
17296|FETH?YE|2015|6|208.2
17296|FETH?YE|2015|7|236.4
17296|FETH?YE|2015|8|231.0
17296|FETH?YE|2015|9|160.5
17296|FETH?YE|2015|10|113.6
17296|FETH?YE|2015|11|85.1
17296|FETH?YE|2015|12|47.6
17296|FETH?YE|2015|13|1482.2
17296|FETH?YE|2016|1|37.4
17296|FETH?YE|2016|2|63.4
17296|FETH?YE|2016|3|104.6
17296|FETH?YE|2016|4|153.6
17296|FETH?YE|2016|5|180.1
17296|FETH?YE|2016|6|257.0
17296|FETH?YE|2016|7|298.2
17296|FETH?YE|2016|8|243.2
17296|FETH?YE|2016|9|189.2
17296|FETH?YE|2016|10|129.1
17296|FETH?YE|2016|11|56.0
17296|FETH?YE|2016|12|42.4
17296|FETH?YE|2016|13|1754.2
17296|FETH?YE|2017|1|41.4
17296|FETH?YE|2017|2|64.0
17296|FETH?YE|2017|3|95.0
17296|FETH?YE|2017|4|134.3
17296|FETH?YE|2017|5|173.6
17296|FETH?YE|2017|6|243.5
17296|FETH?YE|2017|7|282.1
17296|FETH?YE|2017|8|232.4
17296|FETH?YE|2017|9|185.6
17296|FETH?YE|2017|10|111.1
17296|FETH?YE|2017|11|46.6
17296|FETH?YE|2017|12|32.2
17296|FETH?YE|2017|13|1641.8
17296|FETH?YE|2018|1|19.4
17296|FETH?YE|2018|3|77.5
17296|FETH?YE|2018|4|151.4
17296|FETH?YE|2018|5|187.3
17296|FETH?YE|2018|6|201.0
17296|FETH?YE|2018|7|252.8
17296|FETH?YE|2018|8|218.5
17296|FETH?YE|2018|9|179.6
17296|FETH?YE|2018|10|108.1
17296|FETH?YE|2018|11|54.8
17296|FETH?YE|2018|12|38.4
17296|FETH?YE|2018|13|1488.8
17296|FETH?YE|2019|1|6.5
17296|FETH?YE|2019|3|104.4
17296|FETH?YE|2019|4|120.5
17296|FETH?YE|2019|5|182.4
17296|FETH?YE|2019|6|232.7
17296|FETH?YE|2019|7|256.1
17296|FETH?YE|2019|8|267.4
17296|FETH?YE|2019|9|165.5
17296|FETH?YE|2019|10|117.7
17296|FETH?YE|2019|11|48.0
17296|FETH?YE|2019|13|1501.2
17296|FETH?YE|2020|3|1.5
17296|FETH?YE|2020|4|126.4
17296|FETH?YE|2020|5|195.6
17296|FETH?YE|2020|6|213.4
17296|FETH?YE|2020|7|246.6
17296|FETH?YE|2020|8|243.7
17296|FETH?YE|2020|9|189.8
17296|FETH?YE|2020|10|108.5
17296|FETH?YE|2020|11|69.3
17296|FETH?YE|2020|13|1394.8
17296|FETH?YE|2021|4|139.8
17296|FETH?YE|2021|5|215.8
17296|FETH?YE|2021|6|261.3
17298|MARMAR?S|1972|5|172.2
17298|MARMAR?S|1972|6|221.7
17298|MARMAR?S|1972|7|257.5
17298|MARMAR?S|1972|8|254.0
17298|MARMAR?S|1972|9|203.6
17298|MARMAR?S|1972|10|83.6
17298|MARMAR?S|1972|12|41.3
17298|MARMAR?S|1972|13|1233.9
17298|MARMAR?S|1973|1|34.1
17298|MARMAR?S|1973|2|70.8
17298|MARMAR?S|1973|3|60.8
17298|MARMAR?S|1973|4|98.1
17298|MARMAR?S|1973|5|216.3
17298|MARMAR?S|1973|6|229.9
17298|MARMAR?S|1973|7|271.0
17298|MARMAR?S|1973|8|263.0
17298|MARMAR?S|1973|9|197.5
17298|MARMAR?S|1973|10|141.3
17298|MARMAR?S|1973|11|117.8
17298|MARMAR?S|1973|12|75.8
17298|MARMAR?S|1973|13|1776.4
17298|MARMAR?S|1974|1|78.1
17298|MARMAR?S|1974|2|122.9
17298|MARMAR?S|1974|3|114.2
17298|MARMAR?S|1974|4|180.6
17298|MARMAR?S|1974|5|229.1
17298|MARMAR?S|1974|6|236.7
17298|MARMAR?S|1974|7|308.5
17298|MARMAR?S|1974|8|343.7
17298|MARMAR?S|1974|9|291.5
17298|MARMAR?S|1974|10|152.4
17298|MARMAR?S|1974|11|78.8
17298|MARMAR?S|1974|12|81.3
17298|MARMAR?S|1974|13|2217.8
17298|MARMAR?S|1975|1|68.4
17298|MARMAR?S|1975|2|50.5
17298|MARMAR?S|1975|3|95.4
17298|MARMAR?S|1975|4|158.0
17298|MARMAR?S|1975|5|176.9
17298|MARMAR?S|1975|6|210.0
17298|MARMAR?S|1975|7|302.6
17298|MARMAR?S|1975|8|270.0
17298|MARMAR?S|1975|9|201.5
17298|MARMAR?S|1975|10|130.8
17298|MARMAR?S|1975|11|113.8
17298|MARMAR?S|1975|12|100.3
17298|MARMAR?S|1975|13|1878.2
17298|MARMAR?S|1976|1|113.4
17298|MARMAR?S|1976|2|81.2
17298|MARMAR?S|1976|3|105.9
17298|MARMAR?S|1976|4|120.7
17298|MARMAR?S|1976|5|186.6
17298|MARMAR?S|1976|6|208.6
17298|MARMAR?S|1976|7|237.5
17298|MARMAR?S|1976|8|253.0
17298|MARMAR?S|1976|9|207.4
17298|MARMAR?S|1976|10|103.1
17298|MARMAR?S|1976|11|66.0
17298|MARMAR?S|1976|12|68.8
17298|MARMAR?S|1976|13|1752.2
17298|MARMAR?S|1977|1|67.5
17298|MARMAR?S|1977|2|70.0
17298|MARMAR?S|1977|3|87.7
17298|MARMAR?S|1977|4|130.1
17298|MARMAR?S|1977|5|193.7
17298|MARMAR?S|1977|6|238.2
17298|MARMAR?S|1977|7|310.7
17298|MARMAR?S|1977|8|264.5
17298|MARMAR?S|1977|9|178.1
17298|MARMAR?S|1977|10|116.1
17298|MARMAR?S|1977|11|73.8
17298|MARMAR?S|1977|12|45.5
17298|MARMAR?S|1977|13|1775.9
17298|MARMAR?S|1978|1|49.7
17298|MARMAR?S|1978|2|68.4
17298|MARMAR?S|1978|3|79.2
17298|MARMAR?S|1978|4|103.5
17298|MARMAR?S|1978|5|187.7
17298|MARMAR?S|1978|6|244.4
17298|MARMAR?S|1978|7|309.4
17298|MARMAR?S|1978|8|266.9
17298|MARMAR?S|1978|9|153.7
17298|MARMAR?S|1978|10|104.4
17298|MARMAR?S|1978|11|62.6
17298|MARMAR?S|1978|12|49.5
17298|MARMAR?S|1978|13|1679.4
17298|MARMAR?S|1979|1|71.5
17298|MARMAR?S|1979|2|55.7
17298|MARMAR?S|1979|3|82.8
17298|MARMAR?S|1979|4|119.2
17298|MARMAR?S|1979|5|148.9
17298|MARMAR?S|1979|6|225.3
17298|MARMAR?S|1979|7|298.4
17298|MARMAR?S|1979|8|254.2
17298|MARMAR?S|1979|9|196.2
17298|MARMAR?S|1979|10|102.8
17298|MARMAR?S|1979|11|53.9
17298|MARMAR?S|1979|12|43.6
17298|MARMAR?S|1979|13|1652.5
17298|MARMAR?S|1980|1|37.9
17298|MARMAR?S|1980|2|50.1
17298|MARMAR?S|1980|3|78.6
17298|MARMAR?S|1980|4|91.5
17298|MARMAR?S|1980|5|146.5
17298|MARMAR?S|1980|6|236.0
17298|MARMAR?S|1980|7|277.2
17298|MARMAR?S|1980|8|252.6
17298|MARMAR?S|1980|9|183.8
17298|MARMAR?S|1980|10|107.9
17298|MARMAR?S|1980|11|52.0
17298|MARMAR?S|1980|12|64.9
17298|MARMAR?S|1980|13|1579.0
17298|MARMAR?S|1981|1|39.4
17298|MARMAR?S|1981|2|48.4
17298|MARMAR?S|1981|3|92.4
17298|MARMAR?S|1981|4|128.1
17298|MARMAR?S|1981|5|158.4
17298|MARMAR?S|1981|6|244.8
17298|MARMAR?S|1981|7|279.2
17298|MARMAR?S|1981|8|264.0
17298|MARMAR?S|1981|9|176.1
17298|MARMAR?S|1981|10|113.3
17298|MARMAR?S|1981|11|74.9
17298|MARMAR?S|1981|12|78.7
17298|MARMAR?S|1981|13|1697.7
17298|MARMAR?S|1982|1|49.4
17298|MARMAR?S|1982|2|50.6
17298|MARMAR?S|1982|3|105.7
17298|MARMAR?S|1982|4|109.1
17298|MARMAR?S|1982|5|142.1
17298|MARMAR?S|1982|6|195.4
17298|MARMAR?S|1982|7|273.8
17298|MARMAR?S|1982|8|251.3
17298|MARMAR?S|1982|9|185.0
17298|MARMAR?S|1982|10|94.3
17298|MARMAR?S|1982|11|79.4
17298|MARMAR?S|1982|12|56.1
17298|MARMAR?S|1982|13|1592.2
17298|MARMAR?S|1983|1|43.0
17298|MARMAR?S|1983|2|53.9
17298|MARMAR?S|1983|3|79.9
17298|MARMAR?S|1983|4|115.7
17298|MARMAR?S|1983|5|159.5
17298|MARMAR?S|1983|6|181.8
17298|MARMAR?S|1983|7|254.2
17298|MARMAR?S|1983|8|244.1
17298|MARMAR?S|1983|9|169.3
17298|MARMAR?S|1983|10|110.6
17298|MARMAR?S|1983|11|57.2
17298|MARMAR?S|1983|12|45.4
17298|MARMAR?S|1983|13|1514.6
17298|MARMAR?S|1984|1|45.6
17298|MARMAR?S|1984|2|45.9
17298|MARMAR?S|1984|3|79.2
17298|MARMAR?S|1984|4|102.3
17298|MARMAR?S|1984|5|176.2
17298|MARMAR?S|1984|6|246.3
17298|MARMAR?S|1984|7|307.7
17298|MARMAR?S|1984|8|223.4
17298|MARMAR?S|1984|9|143.7
17298|MARMAR?S|1984|10|104.0
17298|MARMAR?S|1984|11|42.6
17298|MARMAR?S|1984|12|32.3
17298|MARMAR?S|1984|13|1549.2
17298|MARMAR?S|1985|1|47.4
17298|MARMAR?S|1985|2|35.4
17298|MARMAR?S|1985|3|70.1
17298|MARMAR?S|1985|4|115.7
17298|MARMAR?S|1985|5|170.6
17298|MARMAR?S|1985|6|241.4
17298|MARMAR?S|1985|7|277.2
17298|MARMAR?S|1985|8|225.7
17298|MARMAR?S|1985|9|167.9
17298|MARMAR?S|1985|10|105.9
17298|MARMAR?S|1985|11|52.6
17298|MARMAR?S|1985|12|42.3
17298|MARMAR?S|1985|13|1552.2
17298|MARMAR?S|1986|1|53.3
17298|MARMAR?S|1986|2|50.6
17298|MARMAR?S|1986|3|82.8
17298|MARMAR?S|1986|4|129.3
17298|MARMAR?S|1986|5|180.8
17298|MARMAR?S|1986|6|215.0
17298|MARMAR?S|1986|7|287.6
17298|MARMAR?S|1986|8|257.2
17298|MARMAR?S|1986|9|170.5
17298|MARMAR?S|1986|10|106.1
17298|MARMAR?S|1986|11|59.1
17298|MARMAR?S|1986|12|33.0
17298|MARMAR?S|1986|13|1625.3
17298|MARMAR?S|1987|1|42.6
17298|MARMAR?S|1987|2|58.8
17298|MARMAR?S|1987|3|11.8
17298|MARMAR?S|1987|4|108.9
17298|MARMAR?S|1987|5|148.0
17298|MARMAR?S|1987|6|213.1
17298|MARMAR?S|1987|7|259.8
17298|MARMAR?S|1987|8|262.4
17298|MARMAR?S|1987|9|187.1
17298|MARMAR?S|1987|10|166.7
17298|MARMAR?S|1987|11|53.7
17298|MARMAR?S|1987|12|68.4
17298|MARMAR?S|1987|13|1581.3
17298|MARMAR?S|1988|1|41.2
17298|MARMAR?S|1988|2|43.9
17298|MARMAR?S|1988|3|64.6
17298|MARMAR?S|1988|4|92.1
17298|MARMAR?S|1988|5|159.4
17298|MARMAR?S|1988|6|224.6
17298|MARMAR?S|1988|7|361.8
17298|MARMAR?S|1988|8|315.3
17298|MARMAR?S|1988|9|222.6
17298|MARMAR?S|1988|10|132.9
17298|MARMAR?S|1988|11|68.7
17298|MARMAR?S|1988|12|20.4
17298|MARMAR?S|1988|13|1747.5
17298|MARMAR?S|1989|1|27.6
17298|MARMAR?S|1989|2|25.6
17298|MARMAR?S|1989|3|58.3
17298|MARMAR?S|1989|4|139.8
17298|MARMAR?S|1989|5|189.8
17298|MARMAR?S|1989|6|222.1
17298|MARMAR?S|1989|7|277.3
17298|MARMAR?S|1989|8|218.2
17298|MARMAR?S|1989|9|179.5
17298|MARMAR?S|1989|10|101.2
17298|MARMAR?S|1989|11|48.4
17298|MARMAR?S|1989|12|41.3
17298|MARMAR?S|1989|13|1529.1
17298|MARMAR?S|1990|1|56.4
17298|MARMAR?S|1990|2|76.6
17298|MARMAR?S|1990|3|91.9
17298|MARMAR?S|1990|4|130.7
17298|MARMAR?S|1990|5|213.3
17298|MARMAR?S|1990|6|288.5
17298|MARMAR?S|1990|7|386.8
17298|MARMAR?S|1990|8|338.7
17298|MARMAR?S|1990|9|296.4
17298|MARMAR?S|1990|10|174.0
17298|MARMAR?S|1990|11|85.9
17298|MARMAR?S|1990|12|31.1
17298|MARMAR?S|1990|13|2170.3
17298|MARMAR?S|1991|3|104.5
17298|MARMAR?S|1991|4|140.2
17298|MARMAR?S|1991|7|311.8
17298|MARMAR?S|1991|8|305.6
17298|MARMAR?S|1991|9|248.5
17298|MARMAR?S|1991|10|177.0
17298|MARMAR?S|1991|11|70.0
17298|MARMAR?S|1991|12|69.0
17298|MARMAR?S|1991|13|1426.6
17298|MARMAR?S|1992|1|61.5
17298|MARMAR?S|1992|2|59.5
17298|MARMAR?S|1992|3|124.5
17298|MARMAR?S|1992|4|119.9
17298|MARMAR?S|1992|5|148.2
17298|MARMAR?S|1992|6|248.4
17298|MARMAR?S|1992|7|315.6
17298|MARMAR?S|1992|8|267.2
17298|MARMAR?S|1992|9|214.9
17298|MARMAR?S|1992|10|135.3
17298|MARMAR?S|1992|11|87.8
17298|MARMAR?S|1992|12|65.9
17298|MARMAR?S|1992|13|1848.7
17298|MARMAR?S|1993|1|58.2
17298|MARMAR?S|1993|2|53.0
17298|MARMAR?S|1993|3|110.1
17298|MARMAR?S|1993|4|118.7
17298|MARMAR?S|1993|5|145.9
17298|MARMAR?S|1993|6|255.3
17298|MARMAR?S|1993|7|261.0
17298|MARMAR?S|1993|8|289.2
17298|MARMAR?S|1993|9|180.8
17298|MARMAR?S|1993|10|136.3
17298|MARMAR?S|1993|11|50.1
17298|MARMAR?S|1993|12|37.6
17298|MARMAR?S|1993|13|1696.2
17298|MARMAR?S|1994|1|41.5
17298|MARMAR?S|1994|2|35.3
17298|MARMAR?S|1994|3|99.3
17298|MARMAR?S|1994|4|108.8
17298|MARMAR?S|1994|5|196.4
17298|MARMAR?S|1994|6|285.4
17298|MARMAR?S|1994|7|317.1
17298|MARMAR?S|1994|8|327.5
17298|MARMAR?S|1994|9|202.5
17298|MARMAR?S|1994|10|104.6
17298|MARMAR?S|1994|11|58.9
17298|MARMAR?S|1994|12|10.6
17298|MARMAR?S|1994|13|1787.9
17298|MARMAR?S|1995|1|30.4
17298|MARMAR?S|1995|2|43.9
17298|MARMAR?S|1995|3|76.1
17298|MARMAR?S|1995|4|115.8
17298|MARMAR?S|1995|5|189.8
17298|MARMAR?S|1995|6|267.4
17298|MARMAR?S|1995|7|318.4
17298|MARMAR?S|1995|8|324.6
17298|MARMAR?S|1995|9|207.7
17298|MARMAR?S|1995|10|120.5
17298|MARMAR?S|1995|11|53.9
17298|MARMAR?S|1995|12|44.9
17298|MARMAR?S|1995|13|1793.4
17298|MARMAR?S|1996|1|44.2
17298|MARMAR?S|1996|2|52.4
17298|MARMAR?S|1996|3|80.8
17298|MARMAR?S|1996|4|112.8
17298|MARMAR?S|1996|5|194.9
17298|MARMAR?S|1996|6|270.2
17298|MARMAR?S|1996|7|296.9
17298|MARMAR?S|1996|8|293.3
17298|MARMAR?S|1996|9|181.6
17298|MARMAR?S|1996|10|103.5
17298|MARMAR?S|1996|11|49.5
17298|MARMAR?S|1996|12|37.0
17298|MARMAR?S|1996|13|1717.1
17298|MARMAR?S|1997|1|50.2
17298|MARMAR?S|1997|3|59.8
17298|MARMAR?S|1997|4|105.5
17298|MARMAR?S|1997|5|203.3
17298|MARMAR?S|1997|6|294.9
17298|MARMAR?S|1997|7|345.5
17298|MARMAR?S|1997|8|234.1
17298|MARMAR?S|1997|9|195.8
17298|MARMAR?S|1997|10|96.4
17298|MARMAR?S|1997|11|43.9
17298|MARMAR?S|1997|12|41.3
17298|MARMAR?S|1997|13|1670.7
17298|MARMAR?S|1998|1|29.9
17298|MARMAR?S|1998|2|57.0
17298|MARMAR?S|1998|3|90.2
17298|MARMAR?S|1998|4|112.5
17298|MARMAR?S|1998|5|128.8
17298|MARMAR?S|1998|6|260.5
17298|MARMAR?S|1998|7|324.2
17298|MARMAR?S|1998|8|292.6
17298|MARMAR?S|1998|9|194.7
17298|MARMAR?S|1998|10|117.1
17298|MARMAR?S|1998|11|58.9
17298|MARMAR?S|1998|12|30.5
17298|MARMAR?S|1998|13|1696.9
17298|MARMAR?S|1999|1|40.6
17298|MARMAR?S|1999|2|46.3
17298|MARMAR?S|1999|3|90.9
17298|MARMAR?S|1999|4|106.5
17298|MARMAR?S|1999|5|197.0
17298|MARMAR?S|1999|6|267.4
17298|MARMAR?S|1999|7|268.2
17298|MARMAR?S|1999|8|255.5
17298|MARMAR?S|1999|9|170.7
17298|MARMAR?S|1999|10|130.6
17298|MARMAR?S|1999|11|62.2
17298|MARMAR?S|1999|12|39.7
17298|MARMAR?S|1999|13|1675.6
17298|MARMAR?S|2000|1|30.0
17298|MARMAR?S|2000|4|89.2
17298|MARMAR?S|2000|5|170.8
17298|MARMAR?S|2000|6|268.7
17298|MARMAR?S|2000|7|258.9
17298|MARMAR?S|2000|8|272.1
17298|MARMAR?S|2000|9|235.8
17298|MARMAR?S|2000|10|150.5
17298|MARMAR?S|2000|11|84.8
17298|MARMAR?S|2000|12|69.8
17298|MARMAR?S|2000|13|1630.6
17298|MARMAR?S|2001|1|53.8
17298|MARMAR?S|2001|2|40.3
17298|MARMAR?S|2001|4|91.5
17298|MARMAR?S|2001|5|201.3
17298|MARMAR?S|2001|6|298.6
17298|MARMAR?S|2001|7|327.8
17298|MARMAR?S|2001|8|296.2
17298|MARMAR?S|2001|9|197.0
17298|MARMAR?S|2001|10|127.1
17298|MARMAR?S|2001|11|57.2
17298|MARMAR?S|2001|12|21.3
17298|MARMAR?S|2001|13|1712.1
17298|MARMAR?S|2002|1|1.6
17298|MARMAR?S|2002|4|94.1
17298|MARMAR?S|2002|5|192.1
17298|MARMAR?S|2002|6|283.8
17298|MARMAR?S|2002|7|276.7
17298|MARMAR?S|2002|8|261.6
17298|MARMAR?S|2002|9|148.3
17298|MARMAR?S|2002|10|109.6
17298|MARMAR?S|2002|11|64.4
17298|MARMAR?S|2002|12|29.6
17298|MARMAR?S|2002|13|1461.8
17298|MARMAR?S|2003|4|103.4
17298|MARMAR?S|2003|5|218.2
17298|MARMAR?S|2003|6|253.7
17298|MARMAR?S|2003|7|321.2
17298|MARMAR?S|2003|8|254.1
17298|MARMAR?S|2003|9|192.7
17298|MARMAR?S|2003|10|140.7
17298|MARMAR?S|2003|11|77.9
17298|MARMAR?S|2003|12|46.1
17298|MARMAR?S|2003|13|1608.0
17298|MARMAR?S|2004|4|144.0
17298|MARMAR?S|2004|5|190.1
17298|MARMAR?S|2004|6|258.0
17298|MARMAR?S|2004|7|306.1
17298|MARMAR?S|2004|8|281.0
17298|MARMAR?S|2004|9|207.1
17298|MARMAR?S|2004|10|149.9
17298|MARMAR?S|2004|11|58.1
17298|MARMAR?S|2004|12|65.9
17298|MARMAR?S|2004|13|1660.2
17298|MARMAR?S|2005|1|56.3
17298|MARMAR?S|2005|2|67.1
17298|MARMAR?S|2005|3|111.3
17298|MARMAR?S|2005|4|145.6
17298|MARMAR?S|2005|5|218.4
17298|MARMAR?S|2005|6|283.5
17298|MARMAR?S|2005|7|319.0
17298|MARMAR?S|2005|8|293.2
17298|MARMAR?S|2005|9|211.3
17298|MARMAR?S|2005|10|136.1
17298|MARMAR?S|2005|11|97.6
17298|MARMAR?S|2005|12|39.4
17298|MARMAR?S|2005|13|1978.8
17298|MARMAR?S|2006|1|53.8
17298|MARMAR?S|2006|2|48.2
17298|MARMAR?S|2006|3|97.4
17298|MARMAR?S|2006|4|167.6
17298|MARMAR?S|2006|5|241.1
17298|MARMAR?S|2006|6|274.8
17298|MARMAR?S|2006|7|326.0
17298|MARMAR?S|2006|8|293.1
17298|MARMAR?S|2006|9|232.7
17298|MARMAR?S|2006|10|130.1
17298|MARMAR?S|2006|11|81.3
17298|MARMAR?S|2006|12|41.3
17298|MARMAR?S|2006|13|1987.4
17298|MARMAR?S|2007|1|46.5
17298|MARMAR?S|2007|2|44.5
17298|MARMAR?S|2007|3|98.8
17298|MARMAR?S|2007|4|173.5
17298|MARMAR?S|2007|5|210.3
17298|MARMAR?S|2007|6|286.4
17298|MARMAR?S|2007|7|378.2
17298|MARMAR?S|2007|8|304.4
17298|MARMAR?S|2007|9|243.0
17298|MARMAR?S|2007|10|144.3
17298|MARMAR?S|2007|11|71.9
17298|MARMAR?S|2007|12|45.2
17298|MARMAR?S|2007|13|2047.0
17298|MARMAR?S|2008|1|55.8
17298|MARMAR?S|2008|2|54.4
17298|MARMAR?S|2008|3|127.4
17298|MARMAR?S|2008|4|141.1
17298|MARMAR?S|2008|5|241.9
17298|MARMAR?S|2008|6|329.9
17298|MARMAR?S|2008|7|343.5
17298|MARMAR?S|2008|8|314.5
17298|MARMAR?S|2008|9|205.8
17298|MARMAR?S|2008|10|135.7
17298|MARMAR?S|2008|11|85.8
17298|MARMAR?S|2008|12|60.6
17298|MARMAR?S|2008|13|2096.4
17298|MARMAR?S|2009|1|37.1
17298|MARMAR?S|2009|2|41.6
17298|MARMAR?S|2009|3|113.4
17298|MARMAR?S|2009|4|148.1
17298|MARMAR?S|2009|5|216.3
17298|MARMAR?S|2009|6|287.1
17298|MARMAR?S|2009|7|355.7
17298|MARMAR?S|2009|8|297.7
17298|MARMAR?S|2009|9|208.6
17298|MARMAR?S|2009|10|129.1
17298|MARMAR?S|2009|11|67.9
17298|MARMAR?S|2009|12|48.5
17298|MARMAR?S|2009|13|1951.1
17298|MARMAR?S|2010|1|74.7
17298|MARMAR?S|2010|2|82.9
17298|MARMAR?S|2010|3|118.1
17298|MARMAR?S|2010|4|133.3
17298|MARMAR?S|2010|5|189.4
17298|MARMAR?S|2010|6|236.5
17298|MARMAR?S|2010|7|300.6
17298|MARMAR?S|2010|8|265.0
17298|MARMAR?S|2010|9|213.0
17298|MARMAR?S|2010|10|111.3
17298|MARMAR?S|2010|11|84.7
17298|MARMAR?S|2010|12|55.3
17298|MARMAR?S|2010|13|1864.8
17298|MARMAR?S|2011|1|59.2
17298|MARMAR?S|2011|2|63.4
17298|MARMAR?S|2011|3|100.6
17298|MARMAR?S|2011|4|102.7
17298|MARMAR?S|2011|5|167.5
17298|MARMAR?S|2011|6|252.7
17298|MARMAR?S|2011|7|308.7
17298|MARMAR?S|2011|8|302.1
17298|MARMAR?S|2011|9|223.6
17298|MARMAR?S|2011|10|117.0
17298|MARMAR?S|2011|11|70.8
17298|MARMAR?S|2011|12|40.7
17298|MARMAR?S|2011|13|1809.0
17298|MARMAR?S|2012|1|29.2
17298|MARMAR?S|2012|2|41.0
17298|MARMAR?S|2012|3|91.4
17298|MARMAR?S|2012|4|122.4
17298|MARMAR?S|2012|5|166.7
17298|MARMAR?S|2012|6|275.9
17298|MARMAR?S|2012|7|337.6
17298|MARMAR?S|2012|8|315.0
17298|MARMAR?S|2012|9|202.9
17298|MARMAR?S|2012|10|114.7
17298|MARMAR?S|2012|11|77.4
17298|MARMAR?S|2012|12|42.1
17298|MARMAR?S|2012|13|1816.3
17298|MARMAR?S|2013|1|48.7
17298|MARMAR?S|2013|2|56.6
17298|MARMAR?S|2013|3|85.1
17298|MARMAR?S|2013|4|141.0
17298|MARMAR?S|2013|5|206.0
17298|MARMAR?S|2013|6|249.5
17298|MARMAR?S|2013|7|306.3
17298|MARMAR?S|2013|8|286.9
17298|MARMAR?S|2013|9|234.6
17298|MARMAR?S|2013|10|120.0
17298|MARMAR?S|2013|11|55.8
17298|MARMAR?S|2013|12|16.5
17298|MARMAR?S|2013|13|1807.0
17298|MARMAR?S|2014|2|1.0
17298|MARMAR?S|2014|3|90.7
17298|MARMAR?S|2014|4|114.7
17298|MARMAR?S|2014|5|154.6
17298|MARMAR?S|2014|6|236.9
17298|MARMAR?S|2014|7|301.1
17298|MARMAR?S|2014|8|300.3
17298|MARMAR?S|2014|9|203.9
17298|MARMAR?S|2014|10|129.4
17298|MARMAR?S|2014|11|66.1
17298|MARMAR?S|2014|12|34.9
17298|MARMAR?S|2014|13|1633.6
17298|MARMAR?S|2015|1|24.8
17298|MARMAR?S|2015|2|49.6
17298|MARMAR?S|2015|3|71.3
17298|MARMAR?S|2015|4|143.4
17298|MARMAR?S|2015|5|184.7
17298|MARMAR?S|2015|6|215.2
17298|MARMAR?S|2015|7|311.1
17298|MARMAR?S|2015|8|261.3
17298|MARMAR?S|2015|9|190.5
17298|MARMAR?S|2015|10|102.1
17298|MARMAR?S|2015|11|58.1
17298|MARMAR?S|2015|12|50.9
17298|MARMAR?S|2015|13|1663.0
17298|MARMAR?S|2016|1|27.4
17298|MARMAR?S|2016|2|58.2
17298|MARMAR?S|2016|3|91.0
17298|MARMAR?S|2016|4|149.2
17298|MARMAR?S|2016|5|161.2
17298|MARMAR?S|2016|6|246.3
17298|MARMAR?S|2016|7|300.9
17298|MARMAR?S|2016|8|244.0
17298|MARMAR?S|2016|9|187.3
17298|MARMAR?S|2016|10|119.4
17298|MARMAR?S|2016|11|59.1
17298|MARMAR?S|2016|12|46.5
17298|MARMAR?S|2016|13|1690.5
17298|MARMAR?S|2017|1|15.4
17298|MARMAR?S|2017|2|47.1
17298|MARMAR?S|2017|3|81.8
17298|MARMAR?S|2017|4|117.4
17298|MARMAR?S|2017|5|170.8
17298|MARMAR?S|2017|6|240.7
17298|MARMAR?S|2017|7|288.4
17298|MARMAR?S|2017|8|249.2
17298|MARMAR?S|2017|9|186.1
17298|MARMAR?S|2017|10|93.5
17298|MARMAR?S|2017|11|53.2
17298|MARMAR?S|2017|12|39.6
17298|MARMAR?S|2017|13|1583.2
17298|MARMAR?S|2018|1|42.2
17298|MARMAR?S|2018|2|41.5
17298|MARMAR?S|2018|3|64.5
17298|MARMAR?S|2018|4|137.3
17298|MARMAR?S|2018|5|156.9
17298|MARMAR?S|2018|6|180.4
17298|MARMAR?S|2018|7|272.2
17298|MARMAR?S|2018|8|223.6
17298|MARMAR?S|2018|9|184.9
17298|MARMAR?S|2018|10|93.2
17298|MARMAR?S|2018|11|58.2
17298|MARMAR?S|2018|12|32.5
17298|MARMAR?S|2018|13|1487.4
17298|MARMAR?S|2019|1|22.1
17298|MARMAR?S|2019|2|38.3
17298|MARMAR?S|2019|3|83.3
17298|MARMAR?S|2019|4|101.5
17298|MARMAR?S|2019|5|151.5
17298|MARMAR?S|2019|6|209.9
17298|MARMAR?S|2019|7|260.9
17298|MARMAR?S|2019|8|251.7
17298|MARMAR?S|2019|9|166.6
17298|MARMAR?S|2019|10|86.0
17298|MARMAR?S|2019|11|40.9
17298|MARMAR?S|2019|12|36.7
17298|MARMAR?S|2019|13|1449.4
17298|MARMAR?S|2020|1|46.6
17298|MARMAR?S|2020|2|34.1
17298|MARMAR?S|2020|3|74.1
17298|MARMAR?S|2020|4|107.8
17298|MARMAR?S|2020|5|156.9
17298|MARMAR?S|2020|6|166.9
17298|MARMAR?S|2020|7|221.4
17298|MARMAR?S|2020|8|237.1
17298|MARMAR?S|2020|9|155.1
17298|MARMAR?S|2020|10|78.6
17298|MARMAR?S|2020|11|52.7
17298|MARMAR?S|2020|12|34.9
17298|MARMAR?S|2020|13|1366.2
17298|MARMAR?S|2021|1|25.8
17298|MARMAR?S|2021|2|39.0
17298|MARMAR?S|2021|3|55.5
17298|MARMAR?S|2021|4|110.8
17298|MARMAR?S|2021|5|178.4
17298|MARMAR?S|2021|6|220.7
17824|G?NEY|2004|1|8.1
17824|G?NEY|2004|3|2.1
17824|G?NEY|2004|9|1.2
17824|G?NEY|2004|10|1.2
17824|G?NEY|2004|11|1.2
17824|G?NEY|2004|12|2.3
17824|G?NEY|2004|13|16.1
17860|NAZ?LL?|1962|8|324.5
17860|NAZ?LL?|1962|9|201.4
17860|NAZ?LL?|1962|10|88.8
17860|NAZ?LL?|1962|11|42.5
17860|NAZ?LL?|1962|12|36.8
17860|NAZ?LL?|1962|13|694.0
17860|NAZ?LL?|1963|1|33.5
17860|NAZ?LL?|1963|2|39.0
17860|NAZ?LL?|1963|3|61.5
17860|NAZ?LL?|1963|4|145.2
17860|NAZ?LL?|1963|5|183.1
17860|NAZ?LL?|1963|6|275.6
17860|NAZ?LL?|1963|7|313.4
17860|NAZ?LL?|1963|8|284.9
17860|NAZ?LL?|1963|9|232.0
17860|NAZ?LL?|1963|10|122.2
17860|NAZ?LL?|1963|11|59.6
17860|NAZ?LL?|1963|12|46.5
17860|NAZ?LL?|1963|13|1796.5
17860|NAZ?LL?|1964|1|19.7
17860|NAZ?LL?|1964|2|51.8
17860|NAZ?LL?|1964|3|83.2
17860|NAZ?LL?|1964|4|196.9
17860|NAZ?LL?|1964|5|230.7
17860|NAZ?LL?|1964|6|278.0
17860|NAZ?LL?|1964|7|334.4
17860|NAZ?LL?|1964|8|295.2
17860|NAZ?LL?|1964|9|196.1
17860|NAZ?LL?|1964|10|123.7
17860|NAZ?LL?|1964|11|77.2
17860|NAZ?LL?|1964|12|43.3
17860|NAZ?LL?|1964|13|1930.2
17860|NAZ?LL?|1965|1|35.5
17860|NAZ?LL?|1965|2|45.6
17860|NAZ?LL?|1965|3|103.5
17860|NAZ?LL?|1965|4|107.1
17860|NAZ?LL?|1965|5|174.4
17860|NAZ?LL?|1965|6|317.2
17860|NAZ?LL?|1965|7|368.7
17860|NAZ?LL?|1965|8|239.4
17860|NAZ?LL?|1965|9|197.2
17860|NAZ?LL?|1965|10|150.9
17860|NAZ?LL?|1965|11|57.7
17860|NAZ?LL?|1965|12|48.9
17860|NAZ?LL?|1965|13|1846.1
17860|NAZ?LL?|1966|1|40.2
17860|NAZ?LL?|1966|2|70.8
17860|NAZ?LL?|1966|3|72.5
17860|NAZ?LL?|1966|4|128.8
17860|NAZ?LL?|1966|5|176.6
17860|NAZ?LL?|1966|6|245.2
17860|NAZ?LL?|1966|7|375.4
17860|NAZ?LL?|1966|8|387.4
17860|NAZ?LL?|1966|9|167.0
17860|NAZ?LL?|1966|10|88.4
17860|NAZ?LL?|1966|11|53.5
17860|NAZ?LL?|1966|12|29.5
17860|NAZ?LL?|1966|13|1835.3
17860|NAZ?LL?|1967|1|30.4
17860|NAZ?LL?|1967|2|25.0
17860|NAZ?LL?|1967|3|52.9
17860|NAZ?LL?|1967|4|109.2
17860|NAZ?LL?|1967|5|197.6
17860|NAZ?LL?|1967|6|255.2
17860|NAZ?LL?|1967|7|305.4
17860|NAZ?LL?|1967|8|299.8
17860|NAZ?LL?|1967|9|142.0
17860|NAZ?LL?|1967|10|66.5
17860|NAZ?LL?|1967|11|27.8
17860|NAZ?LL?|1967|12|24.2
17860|NAZ?LL?|1967|13|1536.0
17860|NAZ?LL?|1968|1|16.7
17860|NAZ?LL?|1968|2|29.3
17860|NAZ?LL?|1968|3|59.6
17860|NAZ?LL?|1968|4|111.2
17860|NAZ?LL?|1968|5|235.8
17860|NAZ?LL?|1968|6|279.4
17860|NAZ?LL?|1968|7|449.2
17860|NAZ?LL?|1968|8|270.8
17860|NAZ?LL?|1968|9|155.6
17860|NAZ?LL?|1968|10|54.3
17860|NAZ?LL?|1968|11|32.2
17860|NAZ?LL?|1968|12|22.5
17860|NAZ?LL?|1968|13|1716.6
17860|NAZ?LL?|1978|4|89.4
17860|NAZ?LL?|1978|5|168.8
17860|NAZ?LL?|1978|6|209.5
17860|NAZ?LL?|1978|7|258.7
17860|NAZ?LL?|1978|8|218.6
17860|NAZ?LL?|1978|9|125.8
17860|NAZ?LL?|1978|10|83.6
17860|NAZ?LL?|1978|11|53.3
17860|NAZ?LL?|1978|13|1207.7
17860|NAZ?LL?|1979|4|106.4
17860|NAZ?LL?|1979|5|142.3
17860|NAZ?LL?|1979|6|191.8
17860|NAZ?LL?|1979|7|219.3
17860|NAZ?LL?|1979|8|204.4
17860|NAZ?LL?|1979|9|171.7
17860|NAZ?LL?|1979|10|87.9
17860|NAZ?LL?|1979|11|41.4
17860|NAZ?LL?|1979|13|1165.2
17860|NAZ?LL?|1980|4|84.3
17860|NAZ?LL?|1980|5|151.6
17860|NAZ?LL?|1980|6|194.1
17860|NAZ?LL?|1980|7|246.3
17860|NAZ?LL?|1980|8|228.5
17860|NAZ?LL?|1980|9|152.3
17860|NAZ?LL?|1980|10|91.6
17860|NAZ?LL?|1980|11|44.0
17860|NAZ?LL?|1980|13|1192.7
17860|NAZ?LL?|1981|4|110.0
17860|NAZ?LL?|1981|5|140.4
17860|NAZ?LL?|1981|6|209.4
17860|NAZ?LL?|1981|7|231.5
17860|NAZ?LL?|1981|8|220.2
17860|NAZ?LL?|1981|9|153.0
17860|NAZ?LL?|1981|10|103.1
17860|NAZ?LL?|1981|11|54.3
17860|NAZ?LL?|1981|13|1221.9
17860|NAZ?LL?|1982|4|77.8
17860|NAZ?LL?|1982|5|147.4
17860|NAZ?LL?|1982|6|194.1
17860|NAZ?LL?|1982|7|223.4
17860|NAZ?LL?|1982|8|196.6
17860|NAZ?LL?|1982|9|198.3
17860|NAZ?LL?|1982|10|94.2
17860|NAZ?LL?|1982|11|71.2
17860|NAZ?LL?|1982|13|1203.0
17860|NAZ?LL?|1983|4|105.5
17860|NAZ?LL?|1983|5|163.0
17860|NAZ?LL?|1983|6|182.2
17860|NAZ?LL?|1983|7|228.4
17860|NAZ?LL?|1983|8|200.3
17860|NAZ?LL?|1983|9|149.0
17860|NAZ?LL?|1983|10|100.6
17860|NAZ?LL?|1983|11|46.2
17860|NAZ?LL?|1983|13|1175.2
17860|NAZ?LL?|1984|5|154.7
17860|NAZ?LL?|1984|6|204.3
17860|NAZ?LL?|1984|7|229.7
17860|NAZ?LL?|1984|8|199.7
17860|NAZ?LL?|1984|9|150.4
17860|NAZ?LL?|1984|10|108.8
17860|NAZ?LL?|1984|11|44.5
17860|NAZ?LL?|1984|13|1092.1
17860|NAZ?LL?|1985|4|123.3
17860|NAZ?LL?|1985|5|201.9
17860|NAZ?LL?|1985|6|253.4
17860|NAZ?LL?|1985|7|298.7
17860|NAZ?LL?|1985|8|264.2
17860|NAZ?LL?|1985|9|205.9
17860|NAZ?LL?|1985|10|122.6
17860|NAZ?LL?|1985|11|52.3
17860|NAZ?LL?|1985|12|32.6
17860|NAZ?LL?|1985|13|1554.9
17860|NAZ?LL?|1986|3|87.1
17860|NAZ?LL?|1986|4|139.7
17860|NAZ?LL?|1986|5|179.0
17860|NAZ?LL?|1986|6|208.8
17860|NAZ?LL?|1986|7|260.6
17860|NAZ?LL?|1986|8|226.3
17860|NAZ?LL?|1986|9|151.9
17860|NAZ?LL?|1986|10|111.0
17860|NAZ?LL?|1986|11|47.2
17860|NAZ?LL?|1986|12|31.5
17860|NAZ?LL?|1986|13|1443.1
17860|NAZ?LL?|1987|3|50.0
17860|NAZ?LL?|1987|4|107.5
17860|NAZ?LL?|1987|5|181.7
17860|NAZ?LL?|1987|6|242.8
17860|NAZ?LL?|1987|7|266.4
17860|NAZ?LL?|1987|8|243.8
17860|NAZ?LL?|1987|9|205.2
17860|NAZ?LL?|1987|10|130.8
17860|NAZ?LL?|1987|11|48.0
17860|NAZ?LL?|1987|12|26.6
17860|NAZ?LL?|1987|13|1502.8
17860|NAZ?LL?|1988|4|105.2
17860|NAZ?LL?|1988|5|195.8
17860|NAZ?LL?|1988|6|249.9
17860|NAZ?LL?|1988|7|318.7
17860|NAZ?LL?|1988|8|257.7
17860|NAZ?LL?|1988|9|208.6
17860|NAZ?LL?|1988|10|124.2
17860|NAZ?LL?|1988|11|50.8
17860|NAZ?LL?|1988|13|1510.9
17860|NAZ?LL?|1989|4|135.3
17860|NAZ?LL?|1989|5|144.4
17860|NAZ?LL?|1989|6|196.1
17860|NAZ?LL?|1989|7|276.8
17860|NAZ?LL?|1989|8|231.4
17860|NAZ?LL?|1989|9|175.5
17860|NAZ?LL?|1989|10|86.9
17860|NAZ?LL?|1989|11|41.7
17860|NAZ?LL?|1989|13|1288.1
17860|NAZ?LL?|1990|4|103.2
17860|NAZ?LL?|1990|5|147.4
17860|NAZ?LL?|1990|6|229.2
17860|NAZ?LL?|1990|7|264.0
17860|NAZ?LL?|1990|8|213.9
17860|NAZ?LL?|1990|9|154.5
17860|NAZ?LL?|1990|10|104.5
17860|NAZ?LL?|1990|11|42.1
17860|NAZ?LL?|1990|13|1258.8
17860|NAZ?LL?|1991|4|96.4
17860|NAZ?LL?|1991|5|122.4
17860|NAZ?LL?|1991|6|232.2
17860|NAZ?LL?|1991|7|291.4
17860|NAZ?LL?|1991|8|241.2
17860|NAZ?LL?|1991|9|160.7
17860|NAZ?LL?|1991|10|95.4
17860|NAZ?LL?|1991|13|1239.7
17860|NAZ?LL?|1992|4|93.5
17860|NAZ?LL?|1992|5|169.3
17860|NAZ?LL?|1992|6|221.3
17860|NAZ?LL?|1992|7|261.6
17860|NAZ?LL?|1992|8|265.6
17860|NAZ?LL?|1992|9|209.2
17860|NAZ?LL?|1992|10|110.2
17860|NAZ?LL?|1992|13|1330.7
17860|NAZ?LL?|1993|4|108.5
17860|NAZ?LL?|1993|5|113.8
17860|NAZ?LL?|1993|6|231.4
17860|NAZ?LL?|1993|7|278.0
17860|NAZ?LL?|1993|8|257.2
17860|NAZ?LL?|1993|9|189.1
17860|NAZ?LL?|1993|10|116.9
17860|NAZ?LL?|1993|13|1294.9
17860|NAZ?LL?|1994|4|82.9
17860|NAZ?LL?|1994|5|150.4
17860|NAZ?LL?|1994|6|236.8
17860|NAZ?LL?|1994|7|264.8
17860|NAZ?LL?|1994|8|245.6
17860|NAZ?LL?|1994|9|198.6
17860|NAZ?LL?|1994|10|93.6
17860|NAZ?LL?|1994|11|28.4
17860|NAZ?LL?|1994|13|1301.1
17860|NAZ?LL?|1995|4|80.1
17860|NAZ?LL?|1995|5|166.0
17860|NAZ?LL?|1995|6|226.1
17860|NAZ?LL?|1995|7|257.0
17860|NAZ?LL?|1995|8|219.6
17860|NAZ?LL?|1995|9|164.0
17860|NAZ?LL?|1995|10|127.3
17860|NAZ?LL?|1995|13|1240.1
17860|NAZ?LL?|1996|4|87.7
17860|NAZ?LL?|1996|5|173.1
17860|NAZ?LL?|1996|6|248.8
17860|NAZ?LL?|1996|7|277.7
17860|NAZ?LL?|1996|8|248.9
17860|NAZ?LL?|1996|9|135.6
17860|NAZ?LL?|1996|10|96.2
17860|NAZ?LL?|1996|13|1268.0
17860|NAZ?LL?|1997|4|63.6
17860|NAZ?LL?|1997|5|170.2
17860|NAZ?LL?|1997|6|199.1
17860|NAZ?LL?|1997|7|265.0
17860|NAZ?LL?|1997|8|206.4
17860|NAZ?LL?|1997|9|174.2
17860|NAZ?LL?|1997|10|76.5
17860|NAZ?LL?|1997|13|1155.0
17860|NAZ?LL?|1998|4|94.9
17860|NAZ?LL?|1998|5|109.5
17860|NAZ?LL?|1998|6|207.4
17860|NAZ?LL?|1998|7|253.0
17860|NAZ?LL?|1998|8|242.9
17860|NAZ?LL?|1998|9|146.6
17860|NAZ?LL?|1998|10|80.0
17860|NAZ?LL?|1998|13|1134.3
17860|NAZ?LL?|1999|4|111.9
17860|NAZ?LL?|1999|5|201.7
17860|NAZ?LL?|1999|6|259.8
17860|NAZ?LL?|1999|7|275.2
17860|NAZ?LL?|1999|8|278.1
17860|NAZ?LL?|1999|9|184.7
17860|NAZ?LL?|1999|10|124.7
17860|NAZ?LL?|1999|13|1436.1
17860|NAZ?LL?|2000|4|104.1
17860|NAZ?LL?|2000|5|169.0
17860|NAZ?LL?|2000|6|263.9
17860|NAZ?LL?|2000|7|309.4
17860|NAZ?LL?|2000|8|267.2
17860|NAZ?LL?|2000|9|188.2
17860|NAZ?LL?|2000|10|106.6
17860|NAZ?LL?|2000|13|1408.4
17860|NAZ?LL?|2001|4|86.5
17860|NAZ?LL?|2001|5|137.2
17860|NAZ?LL?|2001|6|240.0
17860|NAZ?LL?|2001|7|260.5
17860|NAZ?LL?|2001|8|225.0
17860|NAZ?LL?|2001|9|151.7
17860|NAZ?LL?|2001|10|113.9
17860|NAZ?LL?|2001|13|1214.8
17860|NAZ?LL?|2002|4|78.7
17860|NAZ?LL?|2002|5|156.1
17860|NAZ?LL?|2002|6|227.1
17860|NAZ?LL?|2002|7|223.9
17860|NAZ?LL?|2002|8|211.4
17860|NAZ?LL?|2002|9|117.2
17860|NAZ?LL?|2002|10|64.8
17860|NAZ?LL?|2002|11|19.9
17860|NAZ?LL?|2002|12|13.1
17860|NAZ?LL?|2002|13|1112.2
17860|NAZ?LL?|2003|4|93.9
17860|NAZ?LL?|2003|5|224.1
17860|NAZ?LL?|2003|6|306.1
17860|NAZ?LL?|2003|7|361.1
17860|NAZ?LL?|2003|8|314.5
17860|NAZ?LL?|2003|9|226.7
17860|NAZ?LL?|2003|10|125.9
17860|NAZ?LL?|2003|11|35.9
17860|NAZ?LL?|2003|12|19.0
17860|NAZ?LL?|2003|13|1707.2
17860|NAZ?LL?|2004|4|130.9
17860|NAZ?LL?|2004|5|225.3
17860|NAZ?LL?|2004|6|290.3
17860|NAZ?LL?|2004|7|350.7
17860|NAZ?LL?|2004|8|283.4
17860|NAZ?LL?|2004|9|219.2
17860|NAZ?LL?|2004|10|130.8
17860|NAZ?LL?|2004|11|41.5
17860|NAZ?LL?|2004|13|1672.1
17860|NAZ?LL?|2005|4|130.6
17860|NAZ?LL?|2005|5|210.1
17860|NAZ?LL?|2005|6|275.9
17860|NAZ?LL?|2005|7|302.3
17860|NAZ?LL?|2005|8|293.4
17860|NAZ?LL?|2005|9|219.3
17860|NAZ?LL?|2005|10|106.0
17860|NAZ?LL?|2005|11|30.9
17860|NAZ?LL?|2005|13|1568.5
17860|NAZ?LL?|2006|4|129.7
17860|NAZ?LL?|2006|5|212.7
17860|NAZ?LL?|2006|6|276.0
17860|NAZ?LL?|2006|7|316.5
17860|NAZ?LL?|2006|8|306.0
17860|NAZ?LL?|2006|9|201.0
17860|NAZ?LL?|2006|10|103.1
17860|NAZ?LL?|2006|11|31.1
17860|NAZ?LL?|2006|13|1576.1
17860|NAZ?LL?|2007|4|150.3
17860|NAZ?LL?|2007|5|237.8
17860|NAZ?LL?|2007|6|292.5
17860|NAZ?LL?|2007|7|383.1
17860|NAZ?LL?|2007|8|340.1
17860|NAZ?LL?|2007|9|247.4
17860|NAZ?LL?|2007|10|131.3
17860|NAZ?LL?|2007|11|24.9
17860|NAZ?LL?|2007|13|1807.4
17860|NAZ?LL?|2008|3|74.1
17860|NAZ?LL?|2008|4|115.1
17860|NAZ?LL?|2008|5|237.3
17860|NAZ?LL?|2008|6|317.0
17860|NAZ?LL?|2008|7|368.2
17860|NAZ?LL?|2008|8|332.6
17860|NAZ?LL?|2008|9|211.4
17860|NAZ?LL?|2008|10|108.6
17860|NAZ?LL?|2008|11|32.7
17860|NAZ?LL?|2008|12|3.9
17860|NAZ?LL?|2008|13|1800.9
17860|NAZ?LL?|2009|4|104.7
17860|NAZ?LL?|2009|5|206.6
17860|NAZ?LL?|2009|6|305.9
17860|NAZ?LL?|2009|7|349.7
17860|NAZ?LL?|2009|8|320.5
17860|NAZ?LL?|2009|9|182.6
17860|NAZ?LL?|2009|10|103.2
17860|NAZ?LL?|2009|11|20.9
17860|NAZ?LL?|2009|12|13.2
17860|NAZ?LL?|2009|13|1607.3
17860|NAZ?LL?|2010|4|121.7
17860|NAZ?LL?|2010|5|189.9
17860|NAZ?LL?|2010|6|205.6
17860|NAZ?LL?|2010|7|287.7
17860|NAZ?LL?|2010|8|287.1
17860|NAZ?LL?|2010|9|191.8
17860|NAZ?LL?|2010|10|75.3
17860|NAZ?LL?|2010|11|20.9
17860|NAZ?LL?|2010|12|4.5
17860|NAZ?LL?|2010|13|1384.5
17860|NAZ?LL?|2011|4|105.0
17860|NAZ?LL?|2011|5|161.3
17860|NAZ?LL?|2011|6|235.9
17860|NAZ?LL?|2011|7|310.2
17860|NAZ?LL?|2011|8|293.0
17860|NAZ?LL?|2011|9|210.8
17860|NAZ?LL?|2011|10|84.7
17860|NAZ?LL?|2011|11|39.5
17860|NAZ?LL?|2011|13|1440.4
17860|NAZ?LL?|2020|10|10.0
17860|NAZ?LL?|2020|13|10.0
17862|D?NAR|1995|5|191.4
17862|D?NAR|1995|6|243.1
17862|D?NAR|1995|7|267.7
17862|D?NAR|1995|8|290.7
17862|D?NAR|1995|9|227.7
17862|D?NAR|1995|13|1220.6
17862|D?NAR|1996|5|182.7
17862|D?NAR|1996|6|232.2
17862|D?NAR|1996|7|265.0
17862|D?NAR|1996|8|251.0
17862|D?NAR|1996|9|180.5
17862|D?NAR|1996|13|1111.4
17862|D?NAR|1997|5|194.0
17862|D?NAR|1997|6|203.4
17862|D?NAR|1997|7|307.8
17862|D?NAR|1997|8|199.2
17862|D?NAR|1997|9|188.8
17862|D?NAR|1997|13|1093.2
17862|D?NAR|1998|5|114.1
17862|D?NAR|1998|6|186.6
17862|D?NAR|1998|7|274.1
17862|D?NAR|1998|8|300.4
17862|D?NAR|1998|9|195.6
17862|D?NAR|1998|13|1070.8
17862|D?NAR|1999|5|180.2
17862|D?NAR|1999|6|201.6
17862|D?NAR|1999|7|278.6
17862|D?NAR|1999|8|242.3
17862|D?NAR|1999|9|178.6
17862|D?NAR|1999|10|102.8
17862|D?NAR|1999|13|1184.1
17862|D?NAR|2000|5|135.9
17862|D?NAR|2000|6|218.2
17862|D?NAR|2000|7|289.1
17862|D?NAR|2000|8|279.6
17862|D?NAR|2000|9|169.0
17862|D?NAR|2000|10|110.6
17862|D?NAR|2000|13|1202.4
17862|D?NAR|2001|5|145.6
17862|D?NAR|2001|6|276.6
17862|D?NAR|2001|7|293.4
17862|D?NAR|2001|8|262.2
17862|D?NAR|2001|9|197.5
17862|D?NAR|2001|10|154.8
17862|D?NAR|2001|13|1330.1
17862|D?NAR|2002|5|159.1
17862|D?NAR|2002|6|215.5
17862|D?NAR|2002|7|234.3
17862|D?NAR|2002|8|226.0
17862|D?NAR|2002|9|115.6
17862|D?NAR|2002|10|91.7
17862|D?NAR|2002|13|1042.2
17862|D?NAR|2003|5|161.8
17862|D?NAR|2003|6|223.7
17862|D?NAR|2003|7|299.8
17862|D?NAR|2003|8|264.8
17862|D?NAR|2003|9|171.3
17862|D?NAR|2003|10|72.7
17862|D?NAR|2003|13|1194.1
17862|D?NAR|2004|5|171.2
17862|D?NAR|2004|6|231.6
17862|D?NAR|2004|7|292.4
17862|D?NAR|2004|8|261.0
17862|D?NAR|2004|9|209.0
17862|D?NAR|2004|10|127.8
17862|D?NAR|2004|13|1293.0
17862|D?NAR|2005|5|156.7
17862|D?NAR|2005|6|207.5
17862|D?NAR|2005|7|268.7
17862|D?NAR|2005|8|262.6
17862|D?NAR|2005|9|183.1
17862|D?NAR|2005|10|66.2
17862|D?NAR|2005|13|1144.8
17862|D?NAR|2006|5|136.4
17862|D?NAR|2006|6|203.9
17862|D?NAR|2006|7|253.6
17862|D?NAR|2006|8|267.0
17862|D?NAR|2006|9|158.7
17862|D?NAR|2006|10|79.4
17862|D?NAR|2006|13|1099.0
17862|D?NAR|2007|5|170.6
17862|D?NAR|2007|6|222.3
17862|D?NAR|2007|7|298.9
17862|D?NAR|2007|8|259.8
17862|D?NAR|2007|9|187.1
17862|D?NAR|2007|10|101.1
17862|D?NAR|2007|13|1239.8
17862|D?NAR|2008|5|157.0
17862|D?NAR|2008|6|234.9
17862|D?NAR|2008|7|288.0
17862|D?NAR|2008|8|256.3
17862|D?NAR|2008|9|163.9
17862|D?NAR|2008|10|82.5
17862|D?NAR|2008|13|1182.6
17862|D?NAR|2009|5|144.7
17862|D?NAR|2009|6|228.2
17862|D?NAR|2009|7|265.4
17862|D?NAR|2009|8|262.3
17862|D?NAR|2009|9|148.6
17862|D?NAR|2009|10|111.0
17862|D?NAR|2009|13|1160.2
17862|D?NAR|2010|4|112.0
17862|D?NAR|2010|5|168.0
17862|D?NAR|2010|6|159.4
17862|D?NAR|2010|7|258.4
17862|D?NAR|2010|8|273.0
17862|D?NAR|2010|9|188.5
17862|D?NAR|2010|10|74.5
17862|D?NAR|2010|13|1233.8
17862|D?NAR|2011|3|15.8
17862|D?NAR|2011|4|93.3
17862|D?NAR|2011|5|114.7
17862|D?NAR|2011|6|170.9
17862|D?NAR|2011|7|274.1
17862|D?NAR|2011|8|256.1
17862|D?NAR|2011|9|190.3
17862|D?NAR|2011|10|55.2
17862|D?NAR|2011|13|1170.4
17884|M?LAS|1982|5|92.2
17884|M?LAS|1982|6|195.0
17884|M?LAS|1982|7|175.4
17884|M?LAS|1982|8|172.7
17884|M?LAS|1982|9|139.4
17884|M?LAS|1982|10|84.8
17884|M?LAS|1982|11|40.3
17884|M?LAS|1982|13|899.8
17884|M?LAS|2006|2|39.5
17884|M?LAS|2006|4|16.5
17884|M?LAS|2006|5|6.7
17884|M?LAS|2006|6|15.9
17884|M?LAS|2006|7|0.0
17884|M?LAS|2006|9|11.7
17884|M?LAS|2006|11|35.5
17884|M?LAS|2006|13|125.8
17886|YATA?AN|1986|4|148.9
17886|YATA?AN|1986|5|175.7
17886|YATA?AN|1986|6|221.0
17886|YATA?AN|1986|7|309.6
17886|YATA?AN|1986|8|267.7
17886|YATA?AN|1986|9|182.4
17886|YATA?AN|1986|10|113.2
17886|YATA?AN|1986|11|44.2
17886|YATA?AN|1986|12|28.1
17886|YATA?AN|1986|13|1490.8
17886|YATA?AN|1987|1|29.3
17886|YATA?AN|1987|2|40.2
17886|YATA?AN|1987|4|94.6
17886|YATA?AN|1987|5|162.9
17886|YATA?AN|1987|6|240.0
17886|YATA?AN|1987|7|282.6
17886|YATA?AN|1987|8|280.3
17886|YATA?AN|1987|9|209.9
17886|YATA?AN|1987|10|157.0
17886|YATA?AN|1987|11|45.1
17886|YATA?AN|1987|13|1541.9
17886|YATA?AN|1988|4|105.4
17886|YATA?AN|1988|5|188.8
17886|YATA?AN|1988|6|235.4
17886|YATA?AN|1988|7|327.9
17886|YATA?AN|1988|8|252.3
17886|YATA?AN|1988|9|202.0
17886|YATA?AN|1988|10|104.1
17886|YATA?AN|1988|11|14.9
17886|YATA?AN|1988|13|1430.8
17886|YATA?AN|1989|4|157.9
17886|YATA?AN|1989|5|168.1
17886|YATA?AN|1989|6|225.2
17886|YATA?AN|1989|7|290.2
17886|YATA?AN|1989|8|238.8
17886|YATA?AN|1989|9|188.6
17886|YATA?AN|1989|10|98.4
17886|YATA?AN|1989|11|43.7
17886|YATA?AN|1989|13|1410.9
17886|YATA?AN|1990|4|122.8
17886|YATA?AN|1990|5|164.8
17886|YATA?AN|1990|6|254.4
17886|YATA?AN|1990|7|304.1
17886|YATA?AN|1990|8|257.3
17886|YATA?AN|1990|9|185.8
17886|YATA?AN|1990|10|131.3
17886|YATA?AN|1990|11|30.5
17886|YATA?AN|1990|13|1451.0
17886|YATA?AN|1991|4|110.8
17886|YATA?AN|1991|5|131.8
17886|YATA?AN|1991|6|247.0
17886|YATA?AN|1991|7|271.3
17886|YATA?AN|1991|8|244.8
17886|YATA?AN|1991|9|188.5
17886|YATA?AN|1991|10|117.1
17886|YATA?AN|1991|11|12.5
17886|YATA?AN|1991|13|1323.8
17886|YATA?AN|1992|4|120.7
17886|YATA?AN|1992|5|161.1
17886|YATA?AN|1992|6|212.8
17886|YATA?AN|1992|7|255.6
17886|YATA?AN|1992|8|261.4
17886|YATA?AN|1992|9|205.9
17886|YATA?AN|1992|10|130.6
17886|YATA?AN|1992|11|32.2
17886|YATA?AN|1992|13|1380.3
17886|YATA?AN|1993|6|248.8
17886|YATA?AN|1993|7|334.9
17886|YATA?AN|1993|8|282.3
17886|YATA?AN|1993|9|221.0
17886|YATA?AN|1993|10|138.6
17886|YATA?AN|1993|13|1225.6
17886|YATA?AN|1994|4|117.2
17886|YATA?AN|1994|5|192.5
17886|YATA?AN|1994|6|277.8
17886|YATA?AN|1994|7|274.3
17886|YATA?AN|1994|8|282.1
17886|YATA?AN|1994|9|200.8
17886|YATA?AN|1994|10|94.4
17886|YATA?AN|1994|11|59.6
17886|YATA?AN|1994|13|1498.7
17886|YATA?AN|1995|4|97.0
17886|YATA?AN|1995|5|183.9
17886|YATA?AN|1995|6|255.1
17886|YATA?AN|1995|7|285.0
17886|YATA?AN|1995|8|248.7
17886|YATA?AN|1995|9|168.1
17886|YATA?AN|1995|10|101.8
17886|YATA?AN|1995|11|17.9
17886|YATA?AN|1995|13|1357.5
17886|YATA?AN|1996|4|104.3
17886|YATA?AN|1996|5|189.1
17886|YATA?AN|1996|6|257.2
17886|YATA?AN|1996|7|280.0
17886|YATA?AN|1996|8|255.2
17886|YATA?AN|1996|9|155.2
17886|YATA?AN|1996|10|85.4
17886|YATA?AN|1996|11|53.6
17886|YATA?AN|1996|13|1380.0
17886|YATA?AN|1997|4|75.2
17886|YATA?AN|1997|5|170.7
17886|YATA?AN|1997|6|212.1
17886|YATA?AN|1997|7|276.6
17886|YATA?AN|1997|8|198.3
17886|YATA?AN|1997|9|158.4
17886|YATA?AN|1997|10|83.4
17886|YATA?AN|1997|11|45.1
17886|YATA?AN|1997|12|14.0
17886|YATA?AN|1997|13|1233.8
17886|YATA?AN|1998|4|102.2
17886|YATA?AN|1998|5|126.1
17886|YATA?AN|1998|6|207.4
17886|YATA?AN|1998|7|272.0
17886|YATA?AN|1998|8|264.4
17886|YATA?AN|1998|9|170.1
17886|YATA?AN|1998|10|106.8
17886|YATA?AN|1998|11|48.9
17886|YATA?AN|1998|12|12.4
17886|YATA?AN|1998|13|1310.3
17886|YATA?AN|1999|4|108.6
17886|YATA?AN|1999|5|175.3
17886|YATA?AN|1999|6|233.5
17886|YATA?AN|1999|7|242.0
17886|YATA?AN|1999|8|221.0
17886|YATA?AN|1999|9|152.3
17886|YATA?AN|1999|10|116.6
17886|YATA?AN|1999|11|61.0
17886|YATA?AN|1999|13|1310.3
17886|YATA?AN|2000|4|110.1
17886|YATA?AN|2000|5|173.8
17886|YATA?AN|2000|6|238.7
17886|YATA?AN|2000|7|291.6
17886|YATA?AN|2000|8|263.6
17886|YATA?AN|2000|9|192.6
17886|YATA?AN|2000|10|103.9
17886|YATA?AN|2000|11|50.6
17886|YATA?AN|2000|13|1424.9
17886|YATA?AN|2001|4|95.6
17886|YATA?AN|2001|5|156.8
17886|YATA?AN|2001|6|236.9
17886|YATA?AN|2001|7|257.2
17886|YATA?AN|2001|8|215.4
17886|YATA?AN|2001|9|164.9
17886|YATA?AN|2001|10|112.8
17886|YATA?AN|2001|11|33.7
17886|YATA?AN|2001|13|1273.3
17886|YATA?AN|2002|4|92.3
17886|YATA?AN|2002|5|187.4
17886|YATA?AN|2002|6|254.6
17886|YATA?AN|2002|7|235.3
17886|YATA?AN|2002|8|234.2
17886|YATA?AN|2002|9|121.4
17886|YATA?AN|2002|10|84.7
17886|YATA?AN|2002|11|50.0
17886|YATA?AN|2002|13|1259.9
17886|YATA?AN|2003|4|96.5
17886|YATA?AN|2003|5|166.8
17886|YATA?AN|2003|6|237.6
17886|YATA?AN|2003|7|323.5
17886|YATA?AN|2003|8|268.8
17886|YATA?AN|2003|9|201.6
17886|YATA?AN|2003|10|145.2
17886|YATA?AN|2003|13|1440.0
17886|YATA?AN|2004|4|116.1
17886|YATA?AN|2004|5|185.9
17886|YATA?AN|2004|6|225.2
17886|YATA?AN|2004|7|286.2
17886|YATA?AN|2004|8|260.7
17886|YATA?AN|2004|9|191.9
17886|YATA?AN|2004|10|129.4
17886|YATA?AN|2004|13|1395.4
17886|YATA?AN|2005|4|124.5
17886|YATA?AN|2005|5|161.9
17886|YATA?AN|2005|6|197.3
17886|YATA?AN|2005|7|246.7
17886|YATA?AN|2005|8|261.4
17886|YATA?AN|2005|9|199.1
17886|YATA?AN|2005|10|105.9
17886|YATA?AN|2005|13|1296.8
17886|YATA?AN|2006|4|124.6
17886|YATA?AN|2006|5|176.1
17886|YATA?AN|2006|6|231.1
17886|YATA?AN|2006|7|253.7
17886|YATA?AN|2006|8|267.6
17886|YATA?AN|2006|9|175.6
17886|YATA?AN|2006|10|106.5
17886|YATA?AN|2006|13|1335.2
17886|YATA?AN|2007|4|126.7
17886|YATA?AN|2007|5|179.2
17886|YATA?AN|2007|6|240.8
17886|YATA?AN|2007|7|312.8
17886|YATA?AN|2007|8|273.2
17886|YATA?AN|2007|9|195.1
17886|YATA?AN|2007|10|103.9
17886|YATA?AN|2007|13|1431.7
17886|YATA?AN|2008|4|123.1
17886|YATA?AN|2008|5|193.2
17886|YATA?AN|2008|6|264.1
17886|YATA?AN|2008|7|304.2
17886|YATA?AN|2008|8|283.3
17886|YATA?AN|2008|9|163.7
17886|YATA?AN|2008|10|95.2
17886|YATA?AN|2008|11|3.2
17886|YATA?AN|2008|13|1430.0
17886|YATA?AN|2009|4|102.8
17886|YATA?AN|2009|5|161.4
17886|YATA?AN|2009|6|237.9
17886|YATA?AN|2009|7|282.2
17886|YATA?AN|2009|8|248.4
17886|YATA?AN|2009|9|147.5
17886|YATA?AN|2009|10|95.4
17886|YATA?AN|2009|11|0.5
17886|YATA?AN|2009|13|1276.1
17886|YATA?AN|2010|4|139.8
17886|YATA?AN|2010|5|192.6
17886|YATA?AN|2010|6|196.2
17886|YATA?AN|2010|7|293.7
17886|YATA?AN|2010|8|292.7
17886|YATA?AN|2010|9|200.3
17886|YATA?AN|2010|10|104.2
17886|YATA?AN|2010|11|3.0
17886|YATA?AN|2010|13|1422.5
17886|YATA?AN|2011|4|107.8
17886|YATA?AN|2011|5|159.9
17886|YATA?AN|2011|6|214.2
17886|YATA?AN|2011|7|289.3
17886|YATA?AN|2011|8|254.0
17886|YATA?AN|2011|9|177.9
17886|YATA?AN|2011|10|81.7
17886|YATA?AN|2011|11|2.5
17886|YATA?AN|2011|13|1287.3
17924|K?YCE??Z|1983|4|68.2
17924|K?YCE??Z|1983|5|130.8
17924|K?YCE??Z|1983|6|185.5
17924|K?YCE??Z|1983|7|232.3
17924|K?YCE??Z|1983|8|233.5
17924|K?YCE??Z|1983|9|158.0
17924|K?YCE??Z|1983|10|106.9
17924|K?YCE??Z|1983|11|40.6
17924|K?YCE??Z|1983|12|23.4
17924|K?YCE??Z|1983|13|1179.2
17924|K?YCE??Z|1984|1|25.3
17924|K?YCE??Z|1984|2|34.6
17924|K?YCE??Z|1984|3|64.5
17924|K?YCE??Z|1984|4|84.0
17924|K?YCE??Z|1984|5|165.6
17924|K?YCE??Z|1984|6|247.2
17924|K?YCE??Z|1984|7|322.5
17924|K?YCE??Z|1984|8|288.0
17924|K?YCE??Z|1984|9|172.5
17924|K?YCE??Z|1984|10|133.0
17924|K?YCE??Z|1984|11|38.3
17924|K?YCE??Z|1984|12|16.4
17924|K?YCE??Z|1984|13|1591.9
17924|K?YCE??Z|1985|4|117.6
17924|K?YCE??Z|1985|5|174.9
17924|K?YCE??Z|1985|6|272.3
17924|K?YCE??Z|1985|7|289.5
17924|K?YCE??Z|1985|8|264.5
17924|K?YCE??Z|1985|9|203.5
17924|K?YCE??Z|1985|10|137.1
17924|K?YCE??Z|1985|11|58.9
17924|K?YCE??Z|1985|12|34.8
17924|K?YCE??Z|1985|13|1553.1
17924|K?YCE??Z|1986|4|137.3
17924|K?YCE??Z|1986|5|175.0
17924|K?YCE??Z|1986|6|236.5
17924|K?YCE??Z|1986|7|303.5
17924|K?YCE??Z|1986|8|247.9
17924|K?YCE??Z|1986|9|165.9
17924|K?YCE??Z|1986|10|130.1
17924|K?YCE??Z|1986|11|69.5
17924|K?YCE??Z|1986|12|38.9
17924|K?YCE??Z|1986|13|1504.6
17924|K?YCE??Z|1987|4|100.1
17924|K?YCE??Z|1987|5|139.4
17924|K?YCE??Z|1987|6|235.2
17924|K?YCE??Z|1987|7|292.5
17924|K?YCE??Z|1987|8|267.0
17924|K?YCE??Z|1987|9|183.0
17924|K?YCE??Z|1987|10|123.0
17924|K?YCE??Z|1987|11|58.1
17924|K?YCE??Z|1987|12|32.3
17924|K?YCE??Z|1987|13|1430.6
17924|K?YCE??Z|1988|4|90.8
17924|K?YCE??Z|1988|5|180.2
17924|K?YCE??Z|1988|6|241.5
17924|K?YCE??Z|1988|7|291.4
17924|K?YCE??Z|1988|8|244.0
17924|K?YCE??Z|1988|9|196.0
17924|K?YCE??Z|1988|10|116.8
17924|K?YCE??Z|1988|11|42.4
17924|K?YCE??Z|1988|12|17.5
17924|K?YCE??Z|1988|13|1420.6
17924|K?YCE??Z|1989|4|123.8
17924|K?YCE??Z|1989|5|179.4
17924|K?YCE??Z|1989|6|220.5
17924|K?YCE??Z|1989|7|261.2
17924|K?YCE??Z|1989|8|206.4
17924|K?YCE??Z|1989|9|189.8
17924|K?YCE??Z|1989|10|92.0
17924|K?YCE??Z|1989|11|43.5
17924|K?YCE??Z|1989|13|1316.6
17924|K?YCE??Z|1990|4|104.3
17924|K?YCE??Z|1990|5|191.0
17924|K?YCE??Z|1990|6|246.1
17924|K?YCE??Z|1990|7|291.0
17924|K?YCE??Z|1990|8|229.5
17924|K?YCE??Z|1990|9|176.5
17924|K?YCE??Z|1990|10|139.0
17924|K?YCE??Z|1990|11|59.7
17924|K?YCE??Z|1990|12|48.0
17924|K?YCE??Z|1990|13|1485.1
17924|K?YCE??Z|1991|4|125.4
17924|K?YCE??Z|1991|5|180.5
17924|K?YCE??Z|1991|6|220.5
17924|K?YCE??Z|1991|7|261.2
17924|K?YCE??Z|1991|8|206.4
17924|K?YCE??Z|1991|9|189.8
17924|K?YCE??Z|1991|10|92.0
17924|K?YCE??Z|1991|11|43.5
17924|K?YCE??Z|1991|12|42.0
17924|K?YCE??Z|1991|13|1361.3
17924|K?YCE??Z|1992|4|109.4
17924|K?YCE??Z|1992|5|134.1
17924|K?YCE??Z|1992|6|187.1
17924|K?YCE??Z|1992|7|219.4
17924|K?YCE??Z|1992|8|216.0
17924|K?YCE??Z|1992|9|190.0
17924|K?YCE??Z|1992|10|103.0
17924|K?YCE??Z|1992|11|60.3
17924|K?YCE??Z|1992|12|4.3
17924|K?YCE??Z|1992|13|1223.6
17924|K?YCE??Z|1993|4|102.0
17924|K?YCE??Z|1993|5|112.7
17924|K?YCE??Z|1993|6|212.0
17924|K?YCE??Z|1993|7|256.0
17924|K?YCE??Z|1993|8|225.0
17924|K?YCE??Z|1993|9|184.0
17924|K?YCE??Z|1993|10|126.2
17924|K?YCE??Z|1993|11|47.1
17924|K?YCE??Z|1993|13|1265.0
17924|K?YCE??Z|1994|4|92.0
17924|K?YCE??Z|1994|5|160.5
17924|K?YCE??Z|1994|6|228.3
17924|K?YCE??Z|1994|7|251.3
17924|K?YCE??Z|1994|8|232.1
17924|K?YCE??Z|1994|9|167.0
17924|K?YCE??Z|1994|10|82.1
17924|K?YCE??Z|1994|11|48.7
17924|K?YCE??Z|1994|13|1262.0
17924|K?YCE??Z|1995|4|89.4
17924|K?YCE??Z|1995|5|151.2
17924|K?YCE??Z|1995|6|200.5
17924|K?YCE??Z|1995|7|217.8
17924|K?YCE??Z|1995|8|195.0
17924|K?YCE??Z|1995|9|142.2
17924|K?YCE??Z|1995|10|94.4
17924|K?YCE??Z|1995|11|36.6
17924|K?YCE??Z|1995|13|1127.1
17924|K?YCE??Z|1996|4|64.8
17924|K?YCE??Z|1996|5|174.2
17924|K?YCE??Z|1996|6|247.0
17924|K?YCE??Z|1996|7|293.5
17924|K?YCE??Z|1996|8|277.0
17924|K?YCE??Z|1996|9|157.7
17924|K?YCE??Z|1996|10|116.7
17924|K?YCE??Z|1996|11|51.3
17924|K?YCE??Z|1996|13|1382.2
17924|K?YCE??Z|1997|4|72.0
17924|K?YCE??Z|1997|5|137.8
17924|K?YCE??Z|1997|6|186.8
17924|K?YCE??Z|1997|7|264.5
17924|K?YCE??Z|1997|8|204.4
17924|K?YCE??Z|1997|9|138.7
17924|K?YCE??Z|1997|10|58.0
17924|K?YCE??Z|1997|13|1062.2
17924|K?YCE??Z|1998|4|76.1
17924|K?YCE??Z|1998|5|105.2
17924|K?YCE??Z|1998|6|204.7
17924|K?YCE??Z|1998|7|247.4
17924|K?YCE??Z|1998|8|209.3
17924|K?YCE??Z|1998|9|147.7
17924|K?YCE??Z|1998|10|80.6
17924|K?YCE??Z|1998|11|33.3
17924|K?YCE??Z|1998|12|5.6
17924|K?YCE??Z|1998|13|1109.9
17924|K?YCE??Z|1999|4|83.9
17924|K?YCE??Z|1999|5|150.7
17924|K?YCE??Z|1999|6|218.9
17924|K?YCE??Z|1999|7|212.9
17924|K?YCE??Z|1999|8|190.1
17924|K?YCE??Z|1999|9|135.2
17924|K?YCE??Z|1999|10|93.6
17924|K?YCE??Z|1999|11|37.9
17924|K?YCE??Z|1999|13|1123.2
17924|K?YCE??Z|2000|4|61.0
17924|K?YCE??Z|2000|5|116.9
17924|K?YCE??Z|2000|6|193.2
17924|K?YCE??Z|2000|7|224.8
17924|K?YCE??Z|2000|8|196.7
17924|K?YCE??Z|2000|9|156.7
17924|K?YCE??Z|2000|10|92.9
17924|K?YCE??Z|2000|11|46.4
17924|K?YCE??Z|2000|12|22.6
17924|K?YCE??Z|2000|13|1111.2
17924|K?YCE??Z|2001|4|69.2
17924|K?YCE??Z|2001|5|125.9
17924|K?YCE??Z|2001|6|192.1
17924|K?YCE??Z|2001|7|246.4
17924|K?YCE??Z|2001|8|207.3
17924|K?YCE??Z|2001|9|185.2
17924|K?YCE??Z|2001|10|119.4
17924|K?YCE??Z|2001|11|34.6
17924|K?YCE??Z|2001|13|1180.1
17924|K?YCE??Z|2002|4|61.6
17924|K?YCE??Z|2002|5|148.8
17924|K?YCE??Z|2002|6|194.7
17924|K?YCE??Z|2002|7|194.4
17924|K?YCE??Z|2002|8|211.9
17924|K?YCE??Z|2002|9|109.6
17924|K?YCE??Z|2002|10|74.2
17924|K?YCE??Z|2002|11|35.5
17924|K?YCE??Z|2002|13|1030.7
17924|K?YCE??Z|2003|4|58.1
17924|K?YCE??Z|2003|5|130.7
17924|K?YCE??Z|2003|6|147.3
17924|K?YCE??Z|2003|7|238.2
17924|K?YCE??Z|2003|8|203.3
17924|K?YCE??Z|2003|9|155.5
17924|K?YCE??Z|2003|10|79.7
17924|K?YCE??Z|2003|11|35.5
17924|K?YCE??Z|2003|13|1048.3
17924|K?YCE??Z|2004|4|98.6
17924|K?YCE??Z|2004|5|170.9
17924|K?YCE??Z|2004|6|229.7
17924|K?YCE??Z|2004|7|252.8
17924|K?YCE??Z|2004|8|239.5
17924|K?YCE??Z|2004|9|168.6
17924|K?YCE??Z|2004|10|109.0
17924|K?YCE??Z|2004|11|48.2
17924|K?YCE??Z|2004|13|1317.3
17924|K?YCE??Z|2005|4|95.6
17924|K?YCE??Z|2005|5|173.0
17924|K?YCE??Z|2005|6|194.0
17924|K?YCE??Z|2005|7|213.1
17924|K?YCE??Z|2005|8|215.1
17924|K?YCE??Z|2005|9|171.5
17924|K?YCE??Z|2005|10|93.7
17924|K?YCE??Z|2005|11|57.0
17924|K?YCE??Z|2005|13|1213.0
17924|K?YCE??Z|2006|4|111.2
17924|K?YCE??Z|2006|5|183.1
17924|K?YCE??Z|2006|6|207.8
17924|K?YCE??Z|2006|7|251.8
17924|K?YCE??Z|2006|8|236.0
17924|K?YCE??Z|2006|9|164.8
17924|K?YCE??Z|2006|10|95.3
17924|K?YCE??Z|2006|11|40.7
17924|K?YCE??Z|2006|13|1290.7
17924|K?YCE??Z|2007|4|125.8
17924|K?YCE??Z|2007|5|168.6
17924|K?YCE??Z|2007|6|253.1
17924|K?YCE??Z|2007|7|281.7
17924|K?YCE??Z|2007|8|277.3
17924|K?YCE??Z|2007|9|232.0
17924|K?YCE??Z|2007|10|114.9
17924|K?YCE??Z|2007|11|33.4
17924|K?YCE??Z|2007|12|33.4
17924|K?YCE??Z|2007|13|1520.2
17924|K?YCE??Z|2008|1|22.1
17924|K?YCE??Z|2008|2|45.2
17924|K?YCE??Z|2008|3|67.0
17924|K?YCE??Z|2008|4|101.4
17924|K?YCE??Z|2008|5|181.5
17924|K?YCE??Z|2008|6|235.8
17924|K?YCE??Z|2008|7|246.9
17924|K?YCE??Z|2008|8|220.2
17924|K?YCE??Z|2008|9|152.4
17924|K?YCE??Z|2008|10|77.4
17924|K?YCE??Z|2008|11|40.8
17924|K?YCE??Z|2008|12|23.4
17924|K?YCE??Z|2008|13|1414.1
17924|K?YCE??Z|2009|1|24.0
17924|K?YCE??Z|2009|2|30.5
17924|K?YCE??Z|2009|3|72.6
17924|K?YCE??Z|2009|4|107.1
17924|K?YCE??Z|2009|5|160.3
17924|K?YCE??Z|2009|6|198.9
17924|K?YCE??Z|2009|7|261.9
17924|K?YCE??Z|2009|8|201.0
17924|K?YCE??Z|2009|9|157.6
17924|K?YCE??Z|2009|10|85.5
17924|K?YCE??Z|2009|11|40.8
17924|K?YCE??Z|2009|12|28.6
17924|K?YCE??Z|2009|13|1368.8
17924|K?YCE??Z|2010|1|24.9
17924|K?YCE??Z|2010|2|31.0
17924|K?YCE??Z|2010|3|84.8
17924|K?YCE??Z|2010|4|117.9
17924|K?YCE??Z|2010|5|162.4
17924|K?YCE??Z|2010|6|183.9
17924|K?YCE??Z|2010|7|253.3
17924|K?YCE??Z|2010|8|234.7
17924|K?YCE??Z|2010|9|180.6
17924|K?YCE??Z|2010|10|86.6
17924|K?YCE??Z|2010|11|43.8
17924|K?YCE??Z|2010|12|29.5
17924|K?YCE??Z|2010|13|1433.4
17924|K?YCE??Z|2011|1|25.7
17924|K?YCE??Z|2011|2|38.5
17924|K?YCE??Z|2011|3|78.1
17924|K?YCE??Z|2011|4|87.5
17924|K?YCE??Z|2011|5|135.5
17924|K?YCE??Z|2011|6|208.3
17924|K?YCE??Z|2011|7|272.5
17924|K?YCE??Z|2011|8|258.5
17924|K?YCE??Z|2011|9|194.3
17924|K?YCE??Z|2011|10|95.3
17924|K?YCE??Z|2011|11|45.4
17924|K?YCE??Z|2011|12|26.7
17924|K?YCE??Z|2011|13|1466.3
17924|K?YCE??Z|2012|1|12.1
17924|K?YCE??Z|2012|13|12.1
